7 9
6 0
4 5 10
6 5 19
1 3 1
6 1 6
6 3 7
3 0 9
1 0 14
3 4 13
1 4 3

172 9167
140 139
47 144 257
45 44 510
92 26 577
44 140 664
115 25 630
169 120 98
97 145 660
83 4 296
1 19 606
125 50 464
84 11 606
64 65 958
128 155 26
117 107 644
69 74 403
81 96 579
166 90 46
36 133 15
24 98 239
137 132 721
160 122 795
93 31 712
42 57 631
117 125 982
97 108 447
52 80 646
145 122 427
102 92 899
31 130 660
16 166 379
3 0 566
101 97 843
8 153 648
19 18 893
33 66 426
38 134 167
33 20 382
65 32 251
58 15 938
64 97 955
11 39 744
65 91 681
3 19 403
28 19 939
136 151 444
96 41 152
22 156 384
116 117 169
7 60 317
45 147 788
140 4 746
161 38 5
4 165 292
136 112 702
98 80 27
124 98 540
19 6 722
159 61 365
122 25 469
9 44 390
62 25 745
19 132 859
45 62 769
153 112 811
163 103 600
98 130 122
2 151 381
22 40 264
91 120 612
136 162 560
70 127 239
115 72 492
79 133 333
9 118 684
104 98 194
101 110 100
22 36 177
8 66 127
155 24 481
12 30 517
95 144 740
49 153 645
17 112 147
170 136 122
17 163 930
97 49 395
125 57 835
46 60 415
164 92 790
152 163 413
34 0 915
62 16 234
6 160 353
74 121 245
16 160 193
43 113 612
110 0 895
155 43 943
6 106 85
45 104 783
134 22 675
78 59 172
97 163 16
4 60 495
117 49 490
149 162 88
116 117 104
2 50 10
103 6 23
169 28 138
102 113 128
29 33 460
2 25 956
18 91 306
157 115 787
53 63 17
161 63 188
123 3 214
108 78 143
56 81 114
31 13 25
29 120 270
12 5 980
25 47 355
31 54 940
48 82 315
21 112 461
8 18 180
13 100 916
29 164 372
101 109 842
29 92 780
111 2 725
171 24 483
119 103 148
74 73 72
58 76 283
109 9 153
65 157 866
59 79 469
27 163 611
36 70 570
84 48 261
46 76 470
60 28 705
87 84 15
164 60 283
71 48 610
52 149 901
82 152 631
125 99 710
53 156 251
163 105 749
111 66 389
157 82 91
18 118 915
52 92 538
41 134 376
46 0 888
26 41 613
34 56 964
27 30 802
84 27 312
105 163 215
6 32 776
10 94 956
33 69 85
26 168 384
142 112 140
170 11 711
40 136 704
13 85 885
59 73 589
81 113 574
63 41 633
32 31 334
149 133 317
106 27 374
141 100 581
27 116 162
31 123 59
84 158 765
93 85 799
56 143 856
114 94 546
111 118 90
3 42 223
20 5 401
110 55 844
130 17 176
28 100 577
60 134 588
8 86 575
161 2 581
1 2 446
73 137 195
98 144 21
138 116 893
85 65 311
96 46 911
108 137 871
39 80 695
162 83 303
156 73 556
73 18 975
78 6 642
119 147 750
100 68 37
128 102 189
77 25 930
4 160 544
164 116 122
55 42 310
120 139 825
134 112 27
50 78 490
20 93 420
126 52 765
149 91 115
131 91 458
44 149 149
119 28 693
139 115 386
64 83 331
25 84 209
150 82 900
98 109 162
39 165 594
163 56 305
123 152 546
97 155 607
59 169 907
23 112 955
21 130 770
58 127 881
27 145 872
58 97 675
168 126 906
132 48 787
158 145 101
101 153 217
53 21 61
55 136 285
120 148 248
70 144 613
101 159 817
14 37 154
120 112 27
98 135 440
90 9 758
20 16 200
108 20 109
82 44 364
39 102 326
65 14 216
120 114 736
28 130 90
28 99 52
89 135 91
148 61 604
59 152 865
152 103 775
131 77 842
127 75 645
122 42 821
34 61 734
102 110 293
131 147 282
137 9 656
121 81 353
154 153 379
8 126 490
167 61 394
23 114 803
136 133 932
166 124 935
104 95 70
56 95 229
12 121 603
20 118 416
37 104 218
84 10 855
14 49 756
119 137 360
29 88 500
161 31 886
59 32 948
105 15 815
56 83 341
31 142 427
90 71 502
105 37 190
142 122 264
60 96 15
87 19 265
165 46 193
84 48 922
6 165 765
132 77 211
76 155 88
33 156 94
93 84 437
102 97 872
52 24 153
18 163 372
18 151 855
6 76 968
16 69 301
152 122 219
146 99 909
21 125 865
166 123 960
108 57 849
26 150 594
152 80 802
147 109 489
54 15 912
128 164 899
27 23 649
4 7 579
146 47 966
114 17 244
32 116 246
7 56 779
84 13 101
12 39 256
116 140 480
29 120 295
35 51 807
94 143 421
83 102 338
26 155 701
155 143 14
26 71 418
82 67 319
74 94 49
58 145 486
170 64 838
7 76 518
163 97 874
28 5 297
25 123 40
3 24 303
150 44 780
75 54 170
101 136 199
26 59 794
5 21 613
70 97 328
167 140 822
155 116 382
134 168 836
72 78 859
93 82 276
38 12 452
51 70 330
169 99 753
170 122 654
126 166 381
15 134 60
150 95 161
100 28 454
46 136 706
50 105 756
103 125 278
123 61 205
4 140 127
102 140 927
51 108 496
79 121 87
0 10 967
96 89 37
116 170 877
155 100 537
34 138 816
137 46 996
54 61 134
170 88 73
90 114 650
0 125 256
52 143 288
10 54 255
65 18 327
146 38 849
68 40 162
91 142 754
155 144 626
22 57 757
136 85 602
36 85 452
134 107 575
116 155 106
96 79 58
160 84 667
25 66 956
20 50 868
37 16 924
5 28 835
97 24 707
105 62 262
12 67 698
11 153 673
56 168 891
64 136 626
114 17 650
17 10 227
111 143 898
109 142 701
8 44 420
48 18 904
71 127 136
43 27 656
50 6 642
41 29 772
70 9 360
40 154 465
92 149 809
123 156 347
25 61 513
21 62 705
130 31 861
3 145 428
77 78 530
22 141 949
39 95 812
99 137 946
97 171 768
75 150 248
13 97 881
145 1 447
130 87 289
94 169 340
9 144 999
99 85 719
1 25 976
52 63 589
135 152 363
109 8 921
62 157 556
4 72 490
131 103 832
124 54 215
5 9 711
55 33 758
160 46 389
111 117 643
127 116 916
98 102 789
105 74 345
23 75 607
63 106 551
81 101 20
120 103 186
142 145 281
51 52 134
109 86 925
108 43 542
15 0 726
123 73 438
89 0 844
77 49 57
152 169 869
149 150 548
157 1 692
63 60 722
2 167 479
106 111 116
89 13 549
148 141 98
148 149 922
144 122 736
132 59 614
106 164 359
115 101 404
66 59 888
77 32 987
50 101 908
24 160 971
4 126 580
6 33 595
158 142 314
74 79 110
138 57 41
151 150 403
14 77 452
164 91 144
20 43 797
106 105 276
61 51 879
6 43 758
16 59 728
135 96 748
149 154 433
51 90 407
18 12 110
13 122 9
82 71 643
78 150 823
9 72 113
147 69 641
19 95 556
153 130 951
19 165 4
124 138 394
12 71 805
143 123 112
49 19 27
91 81 991
153 152 1000
80 13 305
94 147 125
35 155 948
134 104 917
162 156 13
6 120 129
134 94 649
62 23 295
168 164 607
42 97 910
24 30 301
29 107 233
121 42 366
149 23 395
72 147 775
152 18 730
170 169 13
147 25 708
36 28 638
135 12 705
144 119 639
92 63 135
12 162 263
115 88 269
48 32 685
166 23 477
33 71 142
50 90 20
83 51 783
34 57 742
63 30 408
95 119 453
76 115 61
150 55 264
106 123 144
11 124 22
74 166 768
3 68 429
104 74 254
113 78 108
167 98 514
160 10 473
148 5 58
45 53 589
147 137 519
49 140 719
156 76 946
161 41 126
154 146 138
111 142 895
138 55 177
160 66 78
66 97 35
75 118 771
165 9 903
115 18 847
168 84 922
117 62 390
25 114 285
54 25 305
104 166 379
107 165 392
34 69 957
3 113 416
17 86 793
89 50 993
168 135 124
34 39 523
148 47 997
72 80 544
52 83 639
138 11 187
60 155 499
116 170 583
166 68 289
2 152 841
131 157 501
77 22 218
150 124 921
33 137 85
98 142 285
125 164 555
11 154 503
117 18 248
85 78 709
160 78 445
16 154 58
77 139 697
60 29 833
139 85 817
143 98 300
147 102 37
74 123 88
100 157 464
85 3 142
147 55 864
116 6 540
34 93 228
143 87 106
99 150 622
72 71 46
59 8 777
5 53 136
25 151 53
149 91 994
79 113 96
120 2 871
65 159 433
30 17 927
8 6 477
167 58 191
93 52 715
83 108 470
131 23 734
82 30 705
55 15 928
55 89 661
115 94 181
114 82 516
65 119 488
120 151 325
66 17 568
64 15 383
66 80 863
151 35 962
97 156 347
8 147 263
97 23 890
27 40 853
126 51 340
59 114 260
16 111 932
78 99 555
84 106 159
145 117 512
125 99 893
3 103 13
44 153 335
155 83 808
76 18 305
87 133 187
153 24 390
113 8 111
30 156 143
137 82 717
93 9 690
110 20 283
47 109 315
92 117 748
135 139 735
37 147 405
145 163 141
80 71 180
83 53 545
128 81 955
137 10 431
66 65 828
40 141 791
73 80 951
154 21 630
3 28 240
106 70 445
88 80 627
31 159 666
60 121 814
23 67 498
19 30 145
40 157 551
122 80 708
52 42 767
81 152 305
147 11 179
56 133 590
83 74 574
167 48 73
163 114 660
167 63 289
10 42 730
23 48 813
77 8 931
103 37 261
158 31 993
19 163 943
136 59 134
118 78 899
135 75 57
36 110 914
98 124 216
16 1 288
148 36 361
44 71 525
63 48 106
162 131 35
143 21 459
145 92 410
81 7 311
153 127 13
94 41 797
104 149 518
48 59 706
85 72 99
31 109 612
45 58 454
131 70 370
168 3 83
76 169 47
23 121 989
44 7 821
14 73 658
111 136 544
29 17 891
97 28 920
39 34 902
122 91 216
158 88 312
160 76 266
49 89 346
40 75 58
148 138 974
169 71 808
29 101 562
94 126 649
83 108 785
108 26 968
32 84 1
2 123 207
84 18 184
142 56 94
67 162 807
89 96 512
85 94 825
14 31 911
92 61 46
110 128 275
122 106 149
50 26 889
159 119 353
137 154 906
2 93 270
90 103 978
77 52 727
83 29 585
35 56 159
111 26 713
153 74 213
82 131 592
51 96 415
158 106 604
126 107 213
59 20 560
6 26 70
65 143 960
131 39 171
75 30 941
35 66 961
2 136 579
89 50 467
90 0 307
74 21 598
59 93 451
71 108 166
74 133 863
29 101 462
19 45 817
3 63 279
12 161 654
20 12 840
155 168 965
56 81 34
127 46 371
14 139 167
30 122 41
102 40 628
47 88 798
94 150 13
159 93 57
130 115 46
47 17 50
41 63 476
126 123 621
132 166 713
74 3 16
68 143 106
136 52 38
99 93 299
119 146 15
37 138 486
14 12 91
137 76 634
151 50 740
40 89 408
157 98 266
10 24 121
167 145 622
15 167 47
139 156 886
103 15 275
138 65 729
118 93 865
128 131 248
76 145 9
54 12 191
67 91 760
34 55 773
116 52 764
69 105 949
167 97 243
118 111 24
84 99 887
159 147 22
159 24 559
125 159 796
70 151 776
66 12 665
121 167 939
42 102 170
10 17 634
40 155 957
41 36 890
32 163 914
120 79 379
134 148 512
60 86 470
83 75 5
70 73 949
129 36 119
28 72 673
167 69 355
123 48 371
50 162 673
151 24 1
138 110 194
28 149 475
124 151 538
66 58 948
170 83 311
146 107 544
132 119 135
83 73 459
98 136 212
90 12 447
52 60 517
149 127 33
58 68 677
69 169 364
40 112 552
64 86 1
84 24 334
154 122 883
92 39 458
151 23 581
123 37 764
88 170 189
116 17 426
51 161 952
2 36 261
170 147 825
87 38 468
97 7 231
30 7 52
88 154 291
88 26 348
75 165 559
125 48 462
112 38 223
98 14 17
146 128 910
27 170 922
130 126 180
147 95 35
10 40 437
104 138 710
47 46 185
53 113 11
69 98 904
82 135 637
96 45 772
100 139 672
135 134 161
69 111 354
28 163 985
122 74 902
46 50 362
62 104 94
40 108 584
169 17 828
166 46 308
61 69 562
166 142 591
30 119 841
135 76 401
97 73 612
152 82 594
59 162 882
73 13 787
131 27 176
33 11 449
29 113 508
166 64 740
123 87 383
46 154 230
35 42 650
109 170 53
17 168 23
48 151 811
37 153 274
44 74 236
20 164 173
151 34 49
167 19 730
135 82 563
125 91 700
93 113 914
113 87 417
148 122 912
53 122 805
166 139 176
153 103 743
87 127 203
65 66 26
62 155 356
46 16 6
100 90 121
31 115 333
101 121 759
84 127 683
169 135 110
124 138 399
168 24 904
66 46 933
47 67 344
1 61 69
21 155 518
55 25 736
11 121 370
106 29 633
8 15 86
20 85 157
108 73 221
147 78 103
5 51 95
114 50 849
147 102 236
102 71 790
67 138 15
136 65 616
156 48 794
54 155 769
21 4 224
126 143 850
168 166 328
40 27 929
144 46 416
126 82 946
170 137 89
61 41 928
162 58 585
51 2 477
17 107 253
24 22 358
45 10 682
10 94 199
15 74 499
132 11 558
162 129 342
112 73 562
77 92 368
17 60 127
29 113 799
27 166 681
132 95 427
155 141 435
155 153 260
36 97 59
63 108 525
110 168 153
16 40 143
145 38 779
9 128 479
79 32 432
143 72 513
96 124 659
127 157 272
33 97 272
24 2 862
107 16 804
70 140 170
139 155 143
5 88 691
88 9 526
0 1 690
79 141 107
77 57 227
77 30 962
101 18 670
9 171 835
89 124 106
96 25 335
41 28 60
43 82 114
146 67 153
62 19 345
48 111 330
122 126 784
67 166 474
3 169 550
75 53 452
83 52 340
145 74 835
63 70 433
15 37 997
44 65 806
68 7 685
56 130 332
106 91 835
71 94 745
66 118 640
72 61 936
148 10 338
18 130 168
161 131 105
127 26 875
101 69 966
41 120 634
72 12 14
118 96 629
157 50 959
43 66 399
125 113 789
147 72 912
20 142 997
131 114 797
85 18 436
167 49 609
141 74 321
90 129 705
40 155 676
100 81 867
92 107 180
78 58 526
65 4 666
45 156 143
16 120 783
7 2 131
52 50 356
92 152 648
116 111 610
170 147 866
59 92 425
67 93 444
35 26 635
10 34 31
65 117 16
79 137 153
111 66 940
23 111 290
146 112 967
48 37 792
54 43 862
80 15 626
169 113 779
126 58 556
92 30 255
73 17 974
149 132 232
157 87 604
118 157 854
22 99 154
83 111 587
22 98 10
39 166 63
63 170 843
67 1 510
147 60 819
105 121 171
44 143 569
53 37 534
27 35 814
115 22 831
145 169 141
34 15 282
33 51 562
146 159 405
21 43 879
76 91 256
16 5 941
149 56 970
145 30 157
106 57 721
123 119 164
44 64 914
136 129 160
74 53 42
83 60 642
86 13 656
111 35 163
123 19 407
25 105 388
94 11 178
75 153 11
34 71 705
32 112 242
33 84 613
65 59 752
88 153 30
13 88 808
70 115 624
115 50 311
125 70 258
34 24 573
100 58 960
78 22 661
158 155 288
44 75 483
47 16 517
81 140 966
102 168 512
132 41 441
138 39 722
58 37 678
84 81 639
131 150 673
22 117 364
130 27 742
83 68 384
125 77 754
113 84 415
10 100 512
21 8 650
110 31 453
137 57 651
6 20 220
79 31 978
111 120 843
33 118 44
7 69 681
88 53 946
63 126 897
0 51 801
84 156 692
29 60 275
2 143 854
113 87 111
91 111 855
72 46 38
96 58 470
47 91 333
113 150 708
50 60 893
14 30 393
162 27 274
116 14 774
105 10 857
167 19 698
96 97 558
70 0 456
57 59 834
121 36 535
50 157 869
38 166 430
114 31 282
69 125 615
5 85 611
107 14 206
11 60 885
144 165 964
18 51 881
66 72 66
143 164 602
126 2 124
48 151 945
144 113 958
84 131 705
35 63 638
105 31 725
20 86 152
84 76 693
137 135 471
28 111 495
85 146 339
56 97 811
96 0 740
51 94 562
20 58 52
156 50 173
131 143 16
169 23 535
110 125 755
122 162 205
84 90 733
60 127 203
44 9 415
3 33 225
25 153 129
125 170 343
90 117 872
126 130 636
93 63 133
130 18 370
135 83 822
57 111 179
160 72 956
35 103 659
83 155 474
140 137 881
13 26 470
30 39 13
101 73 966
50 46 584
126 85 358
84 132 657
171 4 684
130 151 573
170 130 127
71 2 741
170 102 72
121 152 31
41 96 947
28 142 643
24 147 101
34 76 39
92 147 312
147 44 931
67 95 612
82 113 786
25 11 690
36 85 924
125 95 383
58 79 848
128 103 19
93 153 157
7 150 489
12 146 932
136 12 607
38 119 674
116 84 875
77 101 870
80 146 228
92 73 402
8 107 559
149 96 305
20 18 784
88 4 368
160 58 853
88 132 456
40 8 331
45 8 894
32 62 160
144 78 568
120 168 181
97 92 965
119 115 397
143 26 74
31 137 29
59 132 881
115 33 809
32 84 942
103 139 795
105 54 95
156 25 387
66 130 305
47 36 255
103 109 698
38 105 121
22 1 631
125 39 896
33 141 677
164 59 486
16 9 323
56 150 111
55 5 492
140 111 929
125 108 597
99 25 847
41 55 852
97 139 421
13 107 558
114 49 109
77 8 667
15 140 829
39 108 176
122 129 721
87 159 884
17 168 137
117 92 152
45 39 794
149 56 131
67 60 440
158 38 245
62 19 625
149 9 742
171 149 902
104 3 735
129 14 475
56 37 907
59 36 365
12 96 965
108 2 705
21 46 669
109 80 354
76 133 516
132 147 34
137 141 244
13 85 916
55 6 928
50 147 478
72 153 465
80 49 367
155 135 839
72 17 154
106 19 834
126 60 667
141 18 335
6 13 234
80 118 803
164 98 268
86 23 261
3 28 642
166 14 602
10 36 464
158 36 258
33 56 349
31 6 563
57 167 672
78 119 648
67 158 384
105 155 397
6 139 736
158 152 623
64 97 996
17 138 416
42 81 644
85 20 198
114 142 903
137 157 975
16 170 653
113 116 941
82 46 817
132 159 493
63 88 414
23 98 9
69 115 486
132 125 186
160 39 869
8 135 700
71 72 22
141 28 927
17 38 748
6 17 713
134 146 259
147 108 932
36 22 414
135 49 495
93 79 583
105 52 822
152 54 165
102 168 697
94 143 178
156 151 93
43 85 644
115 154 915
155 92 759
136 128 468
36 151 433
82 15 986
76 160 365
78 50 987
22 126 882
10 101 629
40 137 75
68 18 152
89 55 565
166 127 456
100 18 524
126 170 706
6 12 304
62 90 196
64 97 53
53 18 911
87 5 700
50 103 507
138 32 39
110 70 679
107 0 788
93 97 939
74 94 79
10 81 422
6 130 547
122 21 419
37 42 578
158 88 589
63 18 626
35 53 985
89 162 429
13 16 744
26 155 842
109 28 866
0 153 604
35 171 247
104 77 168
115 7 192
136 76 915
86 102 360
64 119 866
119 67 906
8 73 911
81 171 803
86 25 447
32 162 663
117 69 310
18 15 740
133 77 199
158 153 192
127 111 338
102 133 900
111 129 665
122 161 935
9 17 344
34 71 189
62 170 910
132 108 429
91 157 990
24 72 661
39 129 391
36 92 950
24 142 318
167 140 573
3 58 392
46 73 664
15 14 485
99 47 469
84 92 996
168 40 549
89 61 867
145 7 338
14 68 470
120 66 71
171 163 721
156 64 537
39 16 610
24 83 149
161 65 526
3 153 492
82 101 468
5 145 558
167 87 37
135 40 152
80 76 933
36 115 37
92 102 496
14 105 59
137 164 366
120 165 838
57 49 799
102 152 949
102 70 459
147 47 564
69 111 238
54 64 700
18 73 162
34 25 748
74 14 959
85 166 168
43 168 227
60 63 333
91 85 891
12 88 881
46 63 265
164 158 760
24 37 41
54 17 131
118 51 736
80 88 462
38 54 883
65 121 553
138 48 945
100 51 528
48 43 676
157 18 74
53 157 110
56 136 771
5 153 563
100 130 283
21 102 435
35 44 704
165 68 332
43 159 519
11 10 309
72 20 933
26 15 450
20 52 988
83 140 760
161 107 825
85 142 359
45 112 699
51 156 264
130 135 983
39 33 450
21 75 447
105 33 363
71 124 530
168 78 57
151 7 717
123 98 867
22 111 754
161 16 508
60 16 835
164 47 106
23 81 111
145 151 505
157 4 304
16 9 430
7 86 443
168 39 710
108 37 188
88 89 755
119 100 61
159 166 858
136 23 241
65 102 776
141 107 859
1 162 266
53 121 549
29 108 673
46 153 244
66 129 412
10 36 676
171 31 565
27 145 276
81 171 385
168 31 525
123 89 514
106 142 156
21 91 760
58 41 999
89 20 438
31 78 625
24 68 128
161 16 822
112 69 611
49 45 909
78 110 578
136 79 28
76 47 838
19 61 968
166 102 170
38 149 484
113 63 523
82 57 602
43 150 244
22 109 540
92 113 705
151 127 513
148 13 532
63 31 782
24 128 465
118 86 244
131 116 50
92 109 918
71 95 173
64 142 47
120 25 239
121 65 365
167 71 590
8 171 675
93 132 987
20 112 154
30 64 22
13 140 87
158 60 40
11 102 396
156 158 559
151 79 256
2 146 336
31 19 797
139 35 118
150 122 57
105 168 652
89 123 153
89 88 993
137 171 500
29 122 542
0 20 636
4 129 319
141 54 966
2 105 936
103 81 435
77 12 184
169 64 330
23 165 309
28 139 733
112 144 230
117 120 438
64 77 203
44 49 364
129 52 942
157 20 241
121 150 752
22 76 628
153 104 873
21 86 380
32 40 111
12 71 783
131 68 711
167 131 29
39 80 116
103 23 465
88 113 214
41 21 587
161 153 587
100 158 372
107 140 50
99 70 548
51 123 456
16 33 68
105 166 284
94 153 488
58 161 354
118 140 367
75 0 181
80 137 638
130 140 775
90 125 919
161 52 626
40 135 734
45 123 331
86 158 356
80 150 395
28 43 105
97 82 684
64 58 443
164 45 688
92 110 283
64 100 162
33 47 566
135 166 829
150 95 332
165 35 447
116 70 54
60 165 849
108 19 14
119 101 760
161 93 967
144 145 4
149 51 278
149 128 738
171 97 641
122 81 593
146 81 726
93 151 423
108 89 985
87 47 983
121 82 983
135 81 586
154 125 447
78 103 612
149 131 32
89 135 290
112 145 299
58 140 16
136 54 590
25 88 158
136 97 982
56 82 62
110 85 252
61 38 370
75 26 40
157 8 748
97 146 886
120 50 742
65 94 663
47 53 999
34 99 949
35 51 836
103 25 11
150 48 146
48 4 109
59 28 919
41 45 672
46 166 476
13 5 93
8 4 878
41 95 895
102 154 583
48 160 934
121 28 786
139 32 829
163 20 440
95 33 539
13 61 768
34 135 131
52 26 969
138 132 207
156 149 222
15 161 581
116 60 866
66 28 777
95 86 463
12 141 55
9 109 707
20 107 140
35 108 902
122 148 312
162 50 940
83 57 693
135 73 391
82 15 351
5 36 812
57 148 31
23 146 689
82 94 286
38 111 847
51 81 299
32 93 797
96 16 68
63 134 489
73 154 330
148 141 281
74 42 191
84 62 919
110 141 197
3 147 706
92 79 214
33 157 48
87 124 328
5 129 900
21 103 608
31 100 603
35 78 873
50 2 843
49 71 423
147 91 12
165 123 463
153 15 382
95 20 299
100 26 630
105 41 377
48 145 278
67 27 169
56 55 602
12 119 544
123 78 234
170 124 82
100 162 904
102 34 320
84 117 85
147 2 735
150 13 43
16 39 579
96 48 231
52 67 125
0 154 20
69 158 452
60 88 441
69 60 697
56 106 707
71 45 760
3 119 560
27 55 656
134 18 518
6 82 374
109 114 533
82 105 663
42 73 277
69 164 134
153 45 627
65 75 343
77 131 321
144 44 823
165 156 292
22 43 232
51 128 499
77 8 147
157 62 819
147 80 104
0 63 251
161 7 618
139 102 545
167 27 526
130 77 586
30 28 484
120 59 202
91 40 547
10 16 649
43 86 811
103 130 467
132 16 366
106 114 766
9 144 638
98 44 386
163 26 889
55 166 632
45 42 330
69 18 245
115 91 209
116 130 387
13 106 609
137 82 276
72 78 876
153 44 403
153 37 577
72 81 453
41 106 770
18 162 853
117 24 900
137 160 654
59 121 127
158 118 369
114 146 746
149 17 858
164 169 7
44 71 666
6 47 247
78 22 215
144 64 441
5 34 824
32 107 508
18 94 109
147 162 20
159 64 937
60 67 68
134 0 374
115 84 485
24 110 292
60 34 869
113 36 718
18 115 84
152 62 934
144 66 922
75 15 273
63 68 945
4 168 913
17 10 484
24 124 173
86 170 728
119 97 99
141 134 268
95 167 408
129 65 806
164 63 677
47 27 706
4 109 927
163 23 393
131 124 563
118 93 803
17 66 646
77 117 643
30 142 830
99 165 571
25 0 244
133 171 135
151 78 607
169 45 325
27 160 383
40 90 559
80 125 442
10 38 713
156 6 1
94 62 462
103 87 974
151 28 16
29 47 236
114 62 579
127 12 203
114 102 41
25 23 575
139 10 872
42 69 136
162 103 652
19 159 601
105 106 30
52 70 178
138 74 669
14 155 807
112 62 961
61 94 467
92 59 982
25 8 328
135 46 470
97 55 803
139 1 940
109 77 670
10 117 642
154 2 410
75 59 269
75 102 9
19 32 817
12 99 466
121 40 933
136 8 169
161 150 210
155 43 899
51 2 35
79 4 659
161 53 300
167 107 312
45 65 740
92 19 685
129 171 835
112 44 348
37 79 977
88 53 269
97 9 890
121 159 200
147 30 916
23 42 660
63 124 700
21 56 42
30 145 581
92 53 104
79 55 950
154 0 417
125 25 838
142 122 140
171 38 968
57 95 685
122 89 270
37 165 421
20 25 32
91 44 156
71 67 547
115 116 199
44 118 206
163 98 360
119 88 945
157 141 51
131 69 235
28 50 963
97 99 356
169 37 929
32 65 63
161 114 433
71 86 329
0 156 576
66 142 583
132 150 96
105 73 564
18 72 755
166 82 923
82 83 810
98 162 763
77 47 675
118 60 442
47 98 996
32 102 709
122 2 1
9 70 873
85 63 792
28 74 368
96 12 188
24 149 418
16 136 985
2 153 439
7 103 677
63 79 938
41 70 921
58 123 752
34 7 907
107 106 157
90 143 807
164 85 880
139 87 757
150 13 808
151 112 803
18 53 658
52 8 398
2 48 278
62 11 712
168 24 500
119 110 736
40 74 571
46 93 850
135 117 203
161 41 874
118 25 497
119 115 525
150 73 34
115 93 19
155 157 719
30 118 448
60 142 895
3 6 815
67 94 31
52 27 301
108 48 754
5 55 931
106 132 790
51 86 368
90 40 9
73 48 900
131 153 176
162 89 497
144 69 18
17 149 240
145 115 227
59 75 620
35 99 23
31 130 178
104 50 388
42 157 177
83 46 459
44 55 263
132 63 375
154 2 143
75 17 370
166 126 519
107 40 105
72 7 865
120 166 529
21 156 736
20 148 393
34 35 21
111 11 475
149 41 120
60 156 750
81 16 939
90 122 745
139 88 629
13 100 625
75 104 696
99 74 753
170 85 337
99 115 811
63 141 965
31 12 905
72 2 534
154 73 859
167 113 528
66 77 30
72 95 124
5 171 227
52 5 630
99 18 446
28 93 410
52 26 843
161 135 126
145 147 865
60 167 5
158 138 963
20 158 316
30 161 104
83 55 972
112 30 684
54 79 559
156 116 3
32 25 303
109 142 164
42 23 142
60 156 14
134 29 421
56 53 75
140 148 688
113 14 423
165 120 398
100 167 103
108 170 774
131 77 815
114 53 176
41 85 77
130 168 275
121 67 25
145 75 564
119 113 303
44 132 437
42 54 232
4 38 217
74 39 636
21 27 603
12 98 58
73 78 288
81 159 601
11 98 143
138 105 430
48 103 13
146 114 360
101 148 244
47 88 286
123 98 392
3 151 734
168 69 609
133 130 974
122 8 371
135 158 774
38 51 799
122 118 476
130 22 83
168 74 913
54 107 484
4 127 703
154 138 22
171 141 427
66 131 276
85 161 626
63 35 730
126 124 898
148 81 33
170 67 150
155 110 227
138 98 182
58 88 793
43 50 637
18 122 519
135 115 813
147 128 453
141 76 314
154 52 862
141 130 304
81 94 345
8 154 446
34 108 388
13 113 130
87 12 830
132 4 531
104 61 859
48 50 960
106 25 911
4 19 372
166 3 543
47 86 473
21 0 893
0 119 368
29 93 923
140 170 19
35 144 463
71 24 987
113 117 346
148 27 794
59 34 243
102 53 777
110 74 924
140 29 145
98 57 904
85 145 353
2 21 397
50 134 391
89 111 555
129 116 729
122 159 9
1 61 116
90 98 392
34 29 221
80 95 898
20 18 482
122 32 537
66 84 162
26 138 773
97 87 415
132 24 409
102 84 681
53 51 197
40 60 535
138 102 429
74 153 397
134 142 512
36 103 898
69 102 675
79 66 244
51 25 280
157 39 886
66 151 626
70 77 611
52 104 976
142 165 691
71 165 595
101 160 521
127 11 291
27 79 663
42 146 661
91 2 586
6 160 242
55 145 314
2 90 262
105 150 420
24 155 929
168 26 692
73 40 390
142 22 732
4 21 390
138 166 435
15 58 229
110 114 828
88 73 975
82 133 610
32 0 549
92 143 179
137 117 242
25 90 543
117 121 451
2 126 572
60 122 127
55 7 525
27 66 752
47 149 657
13 50 399
135 11 724
69 76 743
40 107 854
144 21 565
100 164 603
142 86 497
83 36 163
64 101 688
21 138 686
17 118 287
64 31 845
57 152 301
3 79 856
33 168 961
166 152 695
70 139 749
40 19 5
49 141 40
98 145 833
10 79 539
58 100 578
133 169 887
8 80 714
30 118 908
8 117 687
38 70 419
144 122 4
37 105 939
101 56 911
16 129 349
100 9 769
57 159 613
122 79 477
7 151 652
53 52 38
129 162 369
128 67 46
104 156 749
42 34 457
1 64 812
151 131 644
159 5 973
11 74 49
155 131 878
68 148 3
18 89 584
114 25 22
82 78 925
109 167 412
88 11 344
32 92 816
8 170 131
77 150 435
16 108 392
131 157 365
56 123 455
134 23 258
11 115 654
101 55 101
75 86 100
98 145 719
51 70 244
100 18 583
44 15 963
33 106 686
105 41 477
105 28 448
100 2 946
119 123 869
148 165 426
165 29 94
54 86 491
99 115 742
47 36 330
139 59 189
105 7 352
86 150 442
51 69 428
93 119 65
1 27 657
17 163 793
57 6 564
132 99 310
57 87 506
152 66 671
49 103 793
168 155 903
156 142 602
133 8 205
43 159 930
123 0 865
123 168 526
74 166 169
45 49 903
83 119 542
116 113 730
122 128 141
141 160 541
33 51 765
36 143 448
24 147 17
72 122 591
48 3 381
80 33 148
151 82 388
158 2 379
152 84 521
0 46 708
92 129 896
80 10 482
169 148 763
7 90 399
136 65 480
43 72 592
3 38 505
110 23 326
133 42 227
170 9 903
135 52 751
114 31 652
152 160 894
78 129 152
68 91 372
165 105 749
119 67 629
56 54 646
147 57 634
138 108 910
23 15 521
69 25 84
119 74 623
37 139 285
117 110 73
77 142 579
96 53 541
159 132 667
146 35 738
7 150 991
34 38 963
35 101 595
60 122 233
150 43 466
61 57 221
134 106 558
65 168 802
118 91 73
36 157 143
48 148 127
158 103 907
58 26 93
75 110 934
102 151 132
66 109 586
24 129 201
102 163 419
83 25 725
114 65 118
106 32 311
0 102 404
130 56 407
33 94 743
103 97 457
161 170 908
157 69 898
109 155 197
55 118 564
118 48 52
98 29 994
51 168 3
146 145 115
119 57 456
149 77 968
107 110 795
41 95 113
120 0 355
24 95 126
83 95 922
144 88 959
65 146 211
15 83 262
163 23 838
74 151 105
13 124 407
65 61 125
89 5 413
65 31 789
11 153 937
124 159 751
48 13 687
4 143 668
33 154 799
137 154 479
68 168 139
115 106 52
158 159 118
11 30 723
34 40 795
22 118 323
94 139 988
4 19 43
50 16 20
75 23 501
14 156 748
44 159 506
167 120 741
77 140 401
139 67 117
68 58 186
136 77 917
16 81 223
148 95 553
125 166 478
142 137 104
146 109 729
147 2 512
70 157 710
43 156 829
91 105 710
148 64 2
35 83 471
3 141 925
151 122 147
129 128 509
53 4 152
43 84 864
116 37 537
96 114 946
42 31 89
23 86 853
112 143 88
142 3 602
110 53 222
98 77 187
146 66 184
91 3 438
122 112 315
50 4 32
41 49 97
97 27 109
52 95 399
41 167 465
136 31 429
128 146 472
54 81 820
51 20 687
113 142 790
47 122 365
120 4 370
8 164 380
104 85 395
96 26 652
118 154 735
98 147 449
120 160 676
163 25 710
120 116 869
38 2 299
102 107 374
147 55 520
124 113 343
85 92 569
101 136 251
63 50 338
54 144 577
55 37 123
143 25 515
163 107 214
113 111 409
132 4 758
13 30 149
153 105 418
141 29 348
113 153 959
20 110 5
77 23 238
159 112 480
107 38 403
126 3 748
8 111 649
139 26 102
164 123 84
117 102 982
139 47 523
150 42 23
93 19 784
25 6 971
67 130 583
152 115 557
136 151 79
0 153 489
11 48 877
140 99 377
116 1 86
127 76 440
68 18 851
123 138 851
141 17 884
99 158 667
168 0 422
164 13 44
101 58 659
108 2 78
144 82 427
79 154 352
95 86 779
81 79 596
87 9 4
47 118 128
35 73 533
166 110 925
102 136 472
13 58 264
85 40 280
26 43 426
47 162 73
77 11 93
82 20 618
21 84 966
116 159 770
49 63 605
99 11 563
79 32 640
92 23 95
13 107 701
127 77 958
30 6 949
93 167 474
112 56 350
10 27 771
8 2 375
58 167 382
72 159 466
63 152 190
6 72 636
55 14 813
92 5 875
129 123 791
112 63 382
3 112 189
20 2 534
113 5 368
29 92 816
149 35 558
127 63 949
9 96 683
16 42 388
104 124 749
73 159 633
26 7 364
156 135 546
109 83 29
118 99 135
53 15 406
116 34 917
7 11 984
117 107 148
16 4 630
147 143 903
42 50 722
72 12 365
4 73 88
110 13 671
2 107 641
145 108 729
67 31 753
74 37 458
139 53 903
12 0 886
57 31 835
43 154 464
95 38 287
53 30 806
3 148 618
135 23 847
39 146 580
43 158 672
36 8 560
133 108 710
68 74 844
26 5 851
101 91 896
61 70 734
46 18 600
26 133 1
64 93 63
19 53 682
74 95 796
23 90 630
82 101 627
58 22 74
82 84 263
29 135 981
139 70 307
138 125 431
61 71 887
150 53 297
42 126 836
137 9 900
114 64 873
2 88 78
74 118 737
170 24 66
80 124 13
124 169 656
119 153 940
100 138 545
58 5 596
33 169 992
149 8 469
8 48 781
121 39 331
104 55 482
69 139 214
6 85 638
40 41 586
167 24 680
36 16 593
129 107 31
82 132 870
4 106 601
115 38 141
109 39 829
48 40 696
25 70 844
50 54 576
88 31 746
150 153 5
128 147 606
147 105 114
105 4 100
122 171 775
109 147 270
12 142 893
26 37 872
14 150 839
117 125 350
27 66 532
160 12 322
25 127 317
98 93 243
143 44 497
115 48 444
100 165 956
148 107 871
137 18 610
31 59 25
49 61 625
60 45 633
162 79 806
8 128 843
146 148 736
76 123 738
59 164 913
52 161 571
14 133 202
33 154 409
151 142 56
127 75 936
93 125 187
68 67 763
131 10 706
157 115 865
44 32 929
22 100 989
135 11 903
4 148 12
38 49 896
87 123 127
129 29 639
38 73 933
85 129 678
99 12 595
162 141 571
156 17 857
46 158 373
48 163 208
90 19 725
65 69 94
129 65 741
120 82 663
120 43 888
32 85 55
35 131 39
20 55 263
165 43 161
92 143 431
4 57 173
159 145 149
138 106 748
63 140 473
17 115 224
118 102 603
10 38 942
76 53 257
109 65 284
67 99 366
103 60 469
6 129 694
60 110 107
154 99 691
125 139 333
30 118 418
62 33 291
28 87 998
13 65 881
167 114 663
76 27 882
54 34 141
137 88 635
147 36 793
135 40 770
63 50 76
90 73 343
47 29 211
47 139 248
112 111 355
37 123 893
147 132 851
146 168 94
57 73 41
145 140 582
72 38 23
40 54 799
88 33 226
121 131 930
169 79 908
117 103 519
20 55 923
12 82 332
106 68 903
151 16 298
17 108 112
144 103 170
11 24 752
61 6 20
96 34 363
33 59 972
110 111 285
128 106 702
149 76 25
66 21 973
86 35 81
110 25 587
16 41 519
102 151 481
39 99 960
159 5 489
25 128 213
18 11 717
121 100 862
139 162 518
164 125 792
6 19 852
43 29 652
133 22 49
134 72 243
159 132 434
67 117 258
85 43 217
30 170 713
85 107 470
89 31 214
52 157 467
109 161 785
28 84 959
163 113 808
77 124 919
40 146 491
93 65 890
132 74 759
20 19 751
72 68 943
119 134 128
86 107 578
2 52 732
12 50 265
95 54 83
13 56 745
39 18 531
111 82 98
66 95 812
62 74 554
8 120 97
167 28 153
19 165 105
115 148 618
131 144 866
159 92 391
34 162 487
127 123 955
142 88 650
55 154 940
38 134 223
30 67 246
73 79 185
155 25 829
142 158 512
78 77 410
43 77 754
157 38 680
80 62 77
170 160 374
110 147 697
7 56 792
170 142 507
48 63 687
21 74 213
46 115 385
114 59 932
16 40 636
102 148 975
7 49 543
18 107 721
33 152 44
158 5 215
165 148 992
43 138 103
142 108 813
164 125 207
21 159 763
10 151 575
58 60 67
18 144 432
56 51 974
75 68 837
162 5 126
16 56 269
168 155 928
106 44 16
43 51 93
119 81 309
168 120 883
71 16 882
17 85 969
132 135 46
136 83 828
13 103 703
160 135 9
45 121 86
101 129 716
169 10 852
43 29 637
76 51 102
84 22 961
135 8 773
22 77 497
97 60 764
95 36 631
17 71 641
118 100 449
18 73 100
100 17 318
117 131 684
168 49 259
6 72 34
156 155 53
167 20 117
99 155 358
145 16 179
132 16 743
20 50 470
43 51 547
106 62 236
32 52 87
122 46 924
170 54 588
113 149 491
135 73 103
106 145 573
122 3 560
74 158 98
87 114 727
51 91 531
71 129 576
38 110 304
51 142 916
148 38 816
0 141 736
156 152 511
104 35 466
61 14 380
93 67 856
84 14 507
51 73 846
128 30 178
38 67 377
86 12 565
111 81 557
131 111 234
165 20 321
148 32 609
102 110 637
41 139 52
15 104 658
104 57 892
71 115 906
92 100 78
67 130 423
149 166 958
146 71 961
44 150 968
62 162 525
69 84 793
65 58 99
41 158 579
145 17 530
92 20 138
39 157 159
151 9 667
22 24 237
82 145 128
61 56 18
86 35 832
108 33 103
81 61 71
115 59 153
16 87 742
154 6 151
32 71 408
17 108 980
139 109 577
58 128 879
164 51 23
126 112 5
76 24 60
142 28 854
54 86 769
74 79 239
148 72 47
8 31 462
51 124 664
8 68 517
38 30 821
90 44 985
119 159 49
129 85 146
99 20 143
104 154 846
80 126 147
47 75 962
105 137 765
38 65 601
108 28 381
79 96 116
53 43 791
112 89 820
99 123 949
164 108 647
28 115 375
135 77 650
13 79 690
50 71 561
16 24 432
118 164 322
140 23 138
47 16 696
22 101 140
113 64 35
89 134 154
98 91 705
41 107 741
59 104 930
18 108 690
132 1 296
26 134 208
86 140 264
93 88 830
70 5 698
82 156 317
11 86 452
168 45 172
32 3 696
93 41 297
71 149 315
63 45 929
92 9 405
130 126 975
152 75 930
148 164 763
159 41 721
100 35 647
156 108 134
95 137 261
52 50 406
152 25 190
98 134 537
145 50 569
38 167 172
72 122 294
45 139 522
11 73 294
127 123 772
124 24 719
21 112 682
142 17 134
49 112 337
129 23 373
147 61 915
162 33 864
20 101 560
13 48 234
17 151 43
45 0 936
126 136 528
160 12 222
27 9 370
88 136 702
161 37 172
137 37 508
146 91 39
125 9 627
97 160 709
84 110 383
139 30 48
22 66 845
68 58 666
156 90 528
62 77 544
151 103 77
72 42 630
108 1 581
114 154 213
151 71 399
4 54 11
34 62 101
157 110 628
150 35 685
126 123 318
54 141 978
154 78 113
142 54 914
141 57 38
46 11 643
16 146 597
137 153 546
43 60 672
159 17 503
79 82 42
79 80 936
64 89 53
153 6 224
82 131 33
37 113 976
149 7 519
107 56 121
0 20 675
159 27 524
141 15 588
116 23 95
48 125 330
168 171 22
35 7 14
55 95 186
31 131 249
80 159 899
162 110 978
100 81 282
105 5 4
17 60 682
148 114 874
90 26 809
155 170 315
44 48 329
60 118 815
29 150 943
0 132 846
104 146 596
23 123 391
27 103 115
98 121 880
60 4 736
17 2 1000
41 22 464
95 3 399
66 122 531
57 161 568
44 145 479
64 56 31
36 60 216
10 69 598
123 111 332
107 88 884
98 122 950
148 7 584
93 127 9
148 104 655
37 43 271
158 123 380
26 71 487
167 113 96
4 12 777
126 95 366
150 30 190
37 110 680
76 106 739
153 160 579
157 31 706
149 119 896
15 150 577
124 154 477
155 24 149
22 168 362
71 139 316
68 32 219
152 93 446
18 36 304
163 91 105
163 127 568
118 84 963
48 17 328
161 6 93
12 35 418
50 138 939
70 66 867
73 51 862
31 3 973
57 148 837
137 60 169
120 81 771
114 160 293
58 44 99
143 65 364
151 32 312
135 75 410
5 164 931
136 55 263
145 84 44
153 63 722
6 169 58
85 94 847
109 148 847
126 95 672
157 92 576
106 107 363
115 6 735
153 134 148
171 153 459
82 50 293
28 113 560
49 30 467
35 127 933
90 3 648
168 1 502
122 0 160
21 39 270
134 76 259
30 136 34
156 137 754
124 146 359
14 77 231
114 111 948
110 73 489
53 56 659
53 165 677
23 99 943
155 170 392
54 109 6
136 73 500
105 161 677
68 170 783
164 93 908
147 22 302
12 71 483
1 68 348
49 77 677
12 134 323
108 104 367
134 71 628
24 60 478
123 58 27
64 89 520
119 41 873
119 8 76
49 24 350
81 136 6
43 142 303
52 79 983
102 37 885
159 118 560
22 94 160
53 43 191
62 117 813
64 88 675
10 21 655
135 64 345
13 59 966
61 6 734
165 77 555
127 102 276
162 21 628
137 109 977
35 8 250
127 0 383
93 146 568
12 168 340
49 16 181
109 90 672
28 127 50
73 63 320
81 138 494
160 168 888
115 150 552
144 62 133
88 65 270
149 140 9
109 138 87
134 28 123
168 67 153
91 21 936
166 79 7
112 115 229
163 69 237
24 75 812
85 130 317
68 170 402
84 127 11
55 87 606
73 85 465
155 101 638
70 83 407
101 129 155
124 63 850
110 98 44
104 31 922
25 74 550
46 167 665
134 119 675
52 110 72
24 144 104
8 105 931
85 151 249
132 119 35
97 76 31
19 55 572
31 171 846
137 80 733
110 76 395
164 9 80
56 159 632
57 0 383
168 62 227
159 74 537
141 8 68
71 49 828
142 78 767
168 10 246
55 116 518
142 83 612
67 149 797
112 134 475
17 157 319
104 40 807
101 53 611
71 142 812
37 102 197
72 57 156
144 6 722
150 53 403
67 92 998
125 154 823
18 47 849
17 134 700
14 2 825
142 92 837
35 125 695
81 12 292
149 62 686
149 139 231
130 108 138
76 75 616
171 137 491
24 126 95
74 101 247
40 36 159
1 148 396
74 110 910
146 22 30
10 31 293
119 54 867
69 105 412
106 73 496
144 109 834
47 169 478
139 50 695
101 115 730
130 141 484
117 115 930
146 153 940
119 38 83
95 67 309
80 125 384
15 90 45
97 106 733
116 145 801
38 36 345
30 125 87
68 148 629
39 12 52
115 151 528
39 50 967
76 146 112
124 170 843
96 170 384
124 35 393
57 41 845
56 43 523
10 25 283
152 166 981
158 84 430
11 123 161
12 63 79
127 7 109
62 9 667
79 161 112
113 19 598
139 63 175
158 69 168
116 102 669
149 133 898
87 63 255
100 6 847
132 86 776
56 12 332
138 137 101
109 150 502
112 4 282
86 68 382
129 163 940
45 104 717
108 86 962
71 19 889
149 20 144
77 69 257
85 65 437
3 9 893
87 22 570
159 78 236
127 0 710
139 103 304
129 104 314
36 137 662
118 32 142
64 49 699
30 21 310
157 42 91
95 18 893
107 79 761
50 139 534
106 60 995
12 162 818
138 60 73
135 116 500
91 4 929
72 100 931
76 122 288
81 42 788
153 156 376
164 21 307
53 51 365
47 19 610
166 67 762
48 98 664
80 49 379
143 60 664
14 132 199
35 57 128
131 29 720
60 17 821
93 16 108
130 20 884
131 134 614
161 156 721
76 61 669
53 96 339
166 136 990
123 23 149
162 15 536
153 149 907
137 20 292
56 112 507
65 98 838
130 63 650
65 138 511
7 107 410
44 83 434
106 64 27
137 74 32
47 48 911
137 151 692
106 161 46
63 137 59
167 14 612
42 84 750
6 48 467
47 111 354
86 47 131
88 94 666
103 134 490
105 128 233
85 124 155
92 125 148
123 39 775
34 139 607
119 161 145
57 3 639
76 152 935
12 42 477
141 48 806
163 143 696
94 128 308
132 57 656
155 32 903
4 119 849
84 93 47
132 0 213
126 14 877
52 136 769
33 85 67
102 139 926
124 53 98
64 45 224
62 168 612
89 21 394
163 152 129
141 44 727
95 155 539
30 137 637
124 151 304
4 128 576
152 42 832
77 168 184
39 123 860
106 81 886
169 18 980
95 10 199
95 15 432
168 120 879
25 71 789
155 109 936
50 59 355
65 76 551
79 103 647
148 33 639
157 120 417
92 100 803
28 91 422
40 138 885
63 116 954
69 150 5
133 42 342
43 15 716
120 35 807
132 95 770
105 38 324
103 90 982
53 150 487
63 77 643
44 47 334
136 140 971
166 1 667
30 52 144
95 162 168
163 127 718
78 11 669
64 168 702
98 15 275
58 159 42
88 150 438
140 64 160
114 65 426
152 105 471
26 113 929
37 142 783
129 53 777
47 137 202
2 57 707
40 139 131
27 163 44
117 7 501
10 137 379
97 123 492
142 162 492
108 144 834
155 38 883
104 24 967
146 59 332
11 4 600
31 68 578
115 120 292
124 32 546
14 50 405
157 101 329
33 15 377
27 5 433
81 55 652
147 126 745
127 99 218
62 55 614
139 106 592
66 162 636
125 49 758
119 53 18
14 84 356
28 118 792
24 46 356
116 109 773
11 92 603
110 86 66
123 132 89
134 86 366
42 117 980
105 76 350
109 32 971
98 64 136
51 45 262
73 61 399
112 105 976
122 127 694
113 34 740
62 106 67
91 134 242
103 154 696
68 120 794
120 11 705
157 11 518
116 60 770
136 122 239
7 114 869
99 35 83
79 44 435
120 67 46
22 124 240
106 38 864
129 104 830
92 44 619
100 51 499
47 26 902
3 50 831
136 165 821
168 120 367
2 152 294
33 41 140
145 4 683
144 65 181
63 38 687
75 161 573
158 81 231
162 159 88
53 13 966
51 161 540
47 95 544
143 149 908
122 52 174
169 9 506
171 94 957
59 148 206
22 90 354
24 99 602
5 158 900
82 56 57
16 8 6
6 132 94
171 63 366
139 45 138
56 133 74
128 157 353
32 85 903
68 87 861
46 153 508
78 136 572
15 98 447
107 145 954
34 171 232
5 129 307
2 150 161
122 52 156
109 129 196
165 78 692
54 100 987
167 92 688
34 114 741
83 147 114
27 73 22
158 6 104
22 110 743
104 56 750
20 11 467
20 96 604
24 142 323
19 43 486
160 62 304
67 108 131
164 123 488
10 116 241
147 62 558
46 104 430
26 60 73
24 149 598
81 85 150
55 82 756
2 74 32
50 92 255
153 92 847
103 9 894
134 35 628
1 139 567
18 14 554
148 71 619
52 55 594
84 66 813
60 170 73
129 138 21
72 80 576
107 0 613
92 75 718
114 129 621
101 166 763
12 99 607
98 10 778
60 29 233
123 84 628
161 4 131
64 61 559
101 9 431
148 52 827
45 14 285
165 17 886
152 92 441
42 134 559
13 141 947
41 82 698
96 8 872
124 91 304
163 44 616
9 60 91
14 161 766
54 56 744
23 29 387
51 10 880
42 123 775
141 166 23
161 12 271
97 107 114
126 105 559
50 136 718
61 26 914
108 170 952
73 111 848
150 79 55
96 38 280
1 156 291
88 94 93
106 63 337
63 167 782
76 60 171
19 0 847
163 80 182
116 19 41
100 54 699
141 162 953
56 97 324
134 154 546
129 107 331
3 45 878
155 28 690
136 154 275
152 87 117
25 12 154
46 40 721
52 28 656
110 135 503
112 25 395
166 169 191
105 163 488
56 7 809
115 9 641
37 171 517
96 23 172
162 57 120
158 137 92
5 101 832
69 100 50
132 16 620
72 127 739
3 113 503
141 163 632
33 83 278
114 76 947
5 36 260
39 56 927
111 115 667
99 129 398
114 38 481
128 67 579
66 20 484
146 125 51
24 136 640
91 121 296
22 10 922
58 3 362
163 20 971
106 105 403
110 113 700
61 115 623
65 103 101
161 139 753
88 20 68
62 88 770
105 130 573
152 121 171
42 136 287
115 162 43
164 159 905
70 58 236
22 3 600
50 104 326
90 115 121
9 13 287
84 92 75
79 106 834
167 154 137
95 145 582
152 150 463
62 169 68
140 61 516
113 78 290
159 155 728
31 104 793
17 139 476
54 161 395
88 128 39
107 22 959
35 171 989
164 136 732
93 134 944
108 107 817
148 110 520
120 132 189
90 113 52
56 52 561
117 158 701
43 90 228
54 26 236
94 102 217
101 159 260
14 41 325
65 111 433
34 123 369
36 69 217
7 4 36
170 68 867
59 108 220
101 161 404
96 76 326
148 129 706
6 12 569
53 94 625
62 4 979
45 74 730
50 17 340
93 120 426
139 54 107
42 166 933
15 132 580
51 159 535
123 68 675
29 80 505
106 150 585
125 105 389
146 64 582
163 67 224
163 130 187
84 110 697
45 30 739
33 113 785
72 69 13
165 131 815
2 81 657
78 67 418
98 165 566
65 165 374
43 6 27
34 88 253
57 47 905
18 46 219
97 137 98
168 94 36
152 28 70
16 9 472
101 129 377
164 37 218
79 65 816
160 114 276
110 14 11
115 65 400
7 120 814
171 27 292
6 79 927
89 132 791
14 19 909
11 169 748
115 62 65
28 35 689
128 171 729
38 152 875
134 35 528
128 37 330
101 90 605
38 136 6
131 16 597
117 11 370
89 114 302
161 19 454
159 156 866
157 66 212
109 140 687
69 73 413
150 71 126
69 99 898
55 166 839
148 139 946
72 54 833
60 140 889
88 142 815
146 134 854
28 29 315
0 102 538
20 55 986
77 132 15
134 168 520
67 71 186
144 145 456
118 29 985
110 139 366
28 12 892
61 18 489
125 102 894
103 126 393
138 11 706
157 128 671
15 92 789
58 46 710
25 28 826
9 136 527
13 53 601
60 16 961
133 12 781
81 58 76
135 81 467
85 66 148
14 99 862
32 101 427
74 52 996
171 140 916
19 48 870
100 27 650
43 32 479
48 112 789
18 105 39
82 132 602
89 122 393
45 62 651
122 72 355
110 58 397
99 136 863
135 149 448
42 136 231
145 54 12
85 161 93
40 45 579
43 91 577
9 14 168
41 56 648
40 134 406
123 75 476
99 109 873
81 0 310
20 71 911
54 164 123
117 82 525
16 153 336
133 94 595
67 84 444
122 70 722
79 152 715
76 56 131
14 93 422
76 87 685
36 126 264
163 47 327
28 55 838
103 139 480
115 48 787
169 10 911
113 2 653
133 89 574
126 37 779
84 36 81
169 128 17
34 146 555
1 40 301
154 31 87
157 133 879
50 8 502
51 70 827
9 76 326
115 91 722
139 88 405
142 155 149
47 134 828
8 159 64
170 164 811
59 51 379
118 49 285
92 17 852
130 66 652
5 170 835
149 138 49
135 147 423
48 20 792
107 34 88
49 157 610
28 68 475
157 19 405
53 57 24
44 129 973
76 83 696
96 8 927
109 22 832
144 94 7
137 136 227
67 137 750
170 32 799
81 30 606
81 19 812
9 69 792
68 70 271
122 48 977
122 116 865
53 139 632
127 58 51
148 146 935
90 24 802
114 139 794
157 50 785
19 82 172
115 10 747
10 24 282
118 134 221
3 44 697
158 57 504
150 130 325
25 55 508
58 29 672
12 115 373
116 61 406
83 76 486
99 14 672
161 14 677
46 21 188
42 104 6
166 65 656
14 32 150
86 82 63
65 102 72
54 164 88
83 61 428
77 71 967
112 150 670
105 12 394
46 120 275
28 66 304
59 4 419
18 80 437
81 99 997
38 137 648
115 17 263
38 28 831
91 111 184
82 5 415
107 95 678
105 119 309
90 171 297
63 118 466
22 48 143
148 23 908
125 154 463
49 18 464
164 12 262
51 140 41
34 170 597
58 50 579
74 5 434
0 57 96
40 145 526
156 42 918
98 53 682
48 154 173
57 150 484
43 4 449
85 21 578
11 145 863
18 10 253
86 96 422
42 35 290
32 73 356
95 21 881
94 67 800
111 114 623
113 12 754
84 113 652
77 136 171
154 92 380
148 19 671
9 115 712
155 26 273
29 114 169
110 111 483
152 2 472
111 56 588
40 63 775
102 139 108
92 148 781
107 121 296
2 34 666
165 3 944
65 137 696
53 68 603
8 122 738
32 38 543
14 91 766
155 96 715
41 168 753
164 158 276
27 104 890
4 123 528
102 39 993
93 15 742
54 146 2
8 145 636
34 35 765
128 14 157
13 127 825
87 70 946
56 64 482
112 52 483
93 90 727
157 79 752
53 58 252
23 122 265
79 97 58
52 33 57
57 81 340
158 87 806
10 78 333
26 165 431
40 77 725
31 72 324
158 2 750
59 141 956
96 82 939
28 166 626
150 127 783
59 88 671
66 151 992
165 124 362
9 81 339
64 153 96
102 55 826
16 27 818
163 88 969
139 32 374
48 50 609
158 135 692
18 112 331
4 146 497
163 124 718
122 15 608
59 50 247
40 4 760
8 136 827
69 55 695
89 145 33
59 0 857
158 94 270
39 141 923
81 42 339
59 37 968
40 17 72
138 25 763
93 158 424
150 41 276
12 56 428
121 56 570
133 4 776
109 33 378
11 127 845
85 131 758
59 106 612
76 69 183
126 159 170
41 84 800
72 11 262
112 20 180
19 58 848
130 16 403
55 34 739
73 165 140
38 136 69
25 74 158
157 72 662
100 10 639
166 170 977
84 76 748
157 95 372
41 90 878
149 75 11
4 30 355
56 91 559
23 58 945
72 92 589
87 100 923
8 53 618
170 5 712
30 132 227
104 6 798
57 123 3
2 39 16
28 63 472
0 164 744
43 82 813
163 99 147
158 31 783
156 13 37
37 2 751
140 44 445
47 132 864
2 114 986
44 164 214
97 88 296
155 51 793
3 27 10
87 156 696
68 98 772
110 169 234
60 113 636
115 89 975
150 62 786
39 83 983
99 7 394
19 66 50
123 65 495
9 18 130
87 81 174
87 166 496
39 115 282
127 113 265
41 111 795
27 94 339
106 1 111
89 84 509
150 15 224
123 43 809
19 5 574
153 55 755
171 145 147
27 0 451
29 145 835
17 98 341
46 66 627
77 44 43
168 116 533
170 5 237
18 62 8
53 87 302
74 58 303
19 114 924
130 47 879
139 114 633
142 57 40
84 42 760
34 159 341
102 14 935
107 11 294
79 130 453
31 13 925
164 113 843
75 62 993
52 70 638
112 77 639
56 164 791
61 88 348
91 146 22
100 46 897
42 39 299
165 114 997
57 156 126
70 92 833
129 104 58
2 150 587
99 87 477
129 30 690
36 58 679
127 75 560
94 34 908
23 77 513
160 49 198
11 99 954
4 47 217
126 57 16
140 109 933
24 121 840
57 153 323
150 133 354
61 5 348
153 155 213
14 86 95
28 16 775
43 95 126
52 56 523
94 20 174
37 18 60
75 38 196
127 107 665
86 31 776
83 110 905
79 29 441
17 54 174
61 107 211
97 10 996
154 32 72
18 8 980
31 88 806
165 5 507
106 100 458
35 150 584
50 43 211
53 122 330
34 116 918
25 87 533
151 156 274
100 168 531
91 42 257
169 34 831
46 76 342
61 163 427
124 44 814
122 123 968
151 145 843
2 20 509
116 62 135
78 153 103
68 102 679
77 142 150
104 16 271
128 45 932
101 129 387
53 106 932
157 56 920
61 5 209
64 71 816
39 132 577
89 70 41
78 160 870
19 134 848
14 74 759
40 30 102
13 55 1000
129 75 80
17 96 331
52 121 57
66 131 851
113 74 233
121 162 488
111 20 610
17 65 779
128 56 983
156 134 329
99 144 277
100 144 533
57 100 423
158 41 224
18 110 671
117 19 210
132 153 791
110 75 947
100 126 209
32 82 122
42 108 872
139 140 132
128 89 296
129 143 245
22 11 926
8 107 811
96 98 352
120 138 90
127 81 186
140 143 765
71 19 26
2 6 569
147 129 831
113 87 530
126 41 146
7 75 493
136 42 861
130 171 570
76 56 773
129 147 289
158 48 70
148 23 231
56 158 140
2 13 627
170 158 532
14 163 819
93 90 969
153 47 626
155 27 636
68 30 789
98 125 673
37 58 55
129 76 648
114 36 629
138 114 564
137 11 309
73 25 175
68 100 312
52 71 285
138 167 361
144 40 446
99 75 13
44 107 381
45 31 784
45 51 137
27 61 686
121 165 436
24 114 991
127 151 91
70 78 597
114 115 270
13 14 937
54 60 136
157 120 227
115 75 417
39 100 20
112 11 463
110 12 837
158 129 225
98 19 327
62 163 749
63 36 322
27 51 250
101 157 29
144 54 811
68 129 674
106 20 459
83 85 642
142 32 813
155 45 467
79 25 615
11 164 713
12 6 529
144 125 996
82 97 454
164 7 88
155 41 791
65 110 846
22 55 431
70 19 605
132 128 888
100 86 947
140 163 538
139 105 583
27 41 176
41 158 524
102 14 47
141 33 482
76 151 944
19 32 682
126 133 83
46 4 775
128 96 716
47 72 943
101 142 209
165 106 890
92 58 947
124 45 375
148 113 857
106 113 253
24 86 431
45 6 432
27 130 546
113 1 358
123 32 664
116 44 270
107 27 226
77 75 932
123 36 497
72 66 546
100 112 132
157 17 582
126 26 764
77 148 653
73 138 938
3 135 321
56 159 640
27 4 92
143 114 942
139 32 572
29 124 620
97 153 399
85 13 370
98 67 640
56 153 327
29 53 62
132 151 162
145 135 411
79 57 852
26 128 229
40 10 193
36 39 215
134 164 396
165 92 84
38 88 856
50 3 277
40 171 481
23 90 873
42 19 406
29 17 598
103 50 45
26 5 550
111 52 641
85 147 704
12 140 294
144 80 241
0 16 673
157 155 261
90 57 49
27 9 228
72 149 425
30 3 812
109 79 767
134 71 874
101 137 86
150 63 860
33 108 845
122 126 230
75 83 100
49 61 759
171 43 780
83 141 938
119 115 135
59 15 964
32 167 233
21 154 271
138 170 925
88 125 610
69 55 754
149 18 878
131 20 788
166 128 538
77 57 210
80 62 249
40 57 87
135 121 901
60 171 230
125 52 911
97 45 837
32 124 62
5 160 988
82 22 289
51 115 558
48 5 302
163 60 702
93 152 462
72 52 947
101 162 854
157 168 384
118 53 972
148 146 725
26 3 175
31 27 519
123 136 882
24 22 656
103 157 478
76 169 491
130 112 668
42 62 181
2 155 600
25 4 129
41 110 869
118 81 798
72 38 403
52 83 985
81 11 457
94 110 425
16 36 245
148 41 813
81 83 617
161 148 751
58 136 899
136 168 60
34 113 833
61 78 808
100 120 831
63 116 589
82 77 606
108 60 724
20 5 380
116 48 586
78 35 917
157 136 636
149 115 205
104 91 650
32 154 123
19 86 963
55 23 426
63 76 566
106 11 254
156 8 263
53 93 960
6 170 201
48 26 914
157 115 953
171 128 588
63 158 464
55 100 594
18 152 523
153 62 796
58 25 919
20 169 118
160 140 970
106 169 257
36 132 25
129 64 998
50 153 72
7 9 19
155 109 757
134 97 101
17 11 701
58 122 896
62 27 556
164 39 517
57 34 657
126 25 100
162 15 319
97 12 769
45 108 285
116 87 256
169 127 463
124 97 703
106 128 215
149 56 714
77 35 893
5 42 621
119 106 332
61 164 413
114 130 881
98 40 570
93 34 978
152 89 25
131 107 190
8 12 995
161 123 502
3 170 965
39 23 354
1 89 615
105 108 209
144 169 945
73 118 201
120 157 144
131 156 161
139 41 287
19 9 680
145 149 671
40 54 154
85 49 449
103 108 522
2 108 213
125 45 697
17 158 716
61 149 861
163 78 115
52 140 216
124 165 510
96 156 598
76 155 906
130 19 907
7 144 849
159 94 971
47 171 374
164 67 572
87 86 53
107 168 510
108 99 973
92 6 418
154 99 734
22 102 637
53 114 187
21 101 259
4 140 331
99 90 960
160 104 850
108 148 164
4 71 211
53 78 208
3 30 339
82 4 482
85 42 857
127 41 500
72 93 565
150 164 950
106 112 326
60 106 666
160 137 757
92 109 585
60 111 913
140 150 757
11 146 522
136 49 977
84 160 605
145 103 841
44 76 781
148 106 442
101 114 144
45 113 456
51 122 914
66 151 280
25 101 845
147 116 484
124 121 685
70 127 905
95 56 846
84 102 222
65 109 852
111 35 544
142 2 1000
30 108 905
110 104 577
122 89 846
9 43 887
128 108 40
140 134 12
91 89 837
78 129 45
168 151 964
69 20 755
3 86 969
38 79 313
80 136 147
127 113 444
130 12 110
37 160 827
84 141 708
27 63 280
140 37 518
118 79 966
114 115 506
125 105 837
8 111 673
107 71 946
137 27 926
111 55 95
45 151 448
118 25 313
111 89 940
156 142 910
81 100 311
102 36 692
125 71 798
21 2 398
96 9 286
32 77 313
18 141 690
73 34 307
112 78 876
159 119 985
128 117 337
96 155 414
50 97 662
27 33 250
133 57 760
57 28 680
38 106 338
108 57 990
47 76 964
140 24 968
101 162 552
22 99 303
86 74 506
79 66 5
126 6 906
62 6 418
99 53 586
34 166 342
32 44 810
107 128 88
81 159 297
62 119 417
74 68 903
168 102 632
16 59 519
5 56 153
156 35 944
45 92 236
12 157 322
145 38 363
96 7 861
133 74 723
52 4 276
105 126 199
160 88 867
123 125 715
117 59 153
80 122 92
61 28 357
139 41 438
112 105 150
101 116 25
112 53 37
106 153 726
126 131 907
97 98 34
109 4 606
12 24 806
156 35 478
99 29 968
51 122 752
28 0 77
60 122 675
18 71 490
19 130 155
26 39 538
38 146 645
74 128 511
109 66 407
41 142 817
88 115 462
164 157 727
94 0 223
121 76 542
147 137 81
32 140 586
79 101 706
93 143 108
66 168 943
117 25 132
73 18 536
80 15 826
30 79 979
92 9 156
12 150 720
7 107 468
0 38 930
135 50 29
38 15 916
119 53 110
52 83 890
14 100 708
30 22 972
24 82 416
95 119 294
83 79 254
131 55 799
136 77 164
12 14 212
122 98 102
117 81 108
26 18 758
170 109 778
29 129 997
113 31 868
136 166 130
99 46 677
158 50 991
80 91 713
74 69 715
146 54 493
147 170 209
24 2 103
68 150 315
133 153 695
85 97 635
91 168 295
123 66 51
140 84 783
53 140 876
36 133 34
30 12 48
139 126 152
101 1 509
57 48 817
36 11 129
50 88 851
162 143 268
20 5 790
94 26 824
160 94 212
120 114 883
117 81 793
113 37 633
11 113 139
116 164 680
18 159 172
30 156 731
87 47 602
42 131 451
46 160 224
118 20 550
31 166 670
30 127 351
39 41 831
153 32 514
74 128 939
0 23 562
159 22 134
166 28 288
44 6 278
156 62 783
67 61 383
146 104 107
83 153 559
98 43 555
98 154 79
11 28 345
14 141 510
160 130 423
73 69 21
128 78 171
100 79 434
43 22 629
122 84 972
88 137 60
29 125 624
103 74 952
62 24 855
142 168 151
121 163 414
128 96 230
153 133 200
154 65 396
76 93 684
69 159 653
1 20 262
138 20 279
132 154 662
26 18 186
92 59 277
126 71 375
49 20 929
51 120 963
75 156 316
171 12 892
77 110 617
67 3 592
126 2 914
113 21 266
115 127 401
16 100 252
86 83 70
130 107 887
52 154 86
24 58 591
1 30 121
72 132 125
161 122 544
118 141 879
120 99 820
7 48 843
25 37 853
77 5 509
27 100 905
74 84 114
3 48 409
17 166 791
63 158 666
34 0 332
0 159 51
76 153 187
69 108 445
47 25 935
59 77 834
147 90 36
147 154 4
137 99 26
77 95 55
82 65 735
171 29 185
46 89 517
107 23 643
118 171 531
105 70 116
121 0 856
25 80 665
18 117 482
165 82 719
135 56 559
26 126 312
126 120 830
70 125 146
131 96 371
20 96 623
99 105 564
31 116 614
116 159 29
95 58 260
11 129 387
120 48 220
131 155 218
97 39 530
129 153 434
61 37 810
169 64 245
100 107 756
6 1 274
117 20 413
63 6 941
47 11 141
120 88 454
165 124 39
12 94 75
54 94 374
121 143 282
93 13 732
123 86 68
165 140 514
151 131 573
47 146 906
71 79 373
102 3 974
50 2 495
33 50 216
64 124 524
116 78 22
109 73 957
76 30 111
38 123 661
147 12 172
138 169 296
2 5 516
145 169 952
116 65 698
149 102 93
43 71 798
71 91 643
50 69 968
17 132 492
147 116 729
109 31 389
125 152 359
103 114 32
81 171 193
94 10 935
136 6 229
131 111 706
10 64 924
19 78 646
0 126 481
166 84 606
131 46 110
135 115 730
168 50 756
16 158 234
46 65 487
160 115 352
76 88 929
67 144 209
82 69 192
19 131 829
97 112 322
149 57 695
154 110 70
140 146 531
136 31 53
140 44 294
131 121 211
71 73 114
82 37 140
91 2 669
40 52 386
27 39 966
51 6 344
151 86 798
17 32 680
60 9 222
25 0 496
8 162 799
48 106 313
9 15 663
51 103 879
48 9 807
102 169 155
60 137 314
101 70 916
59 26 765
109 156 281
89 63 859
148 111 338
70 51 10
14 4 46
21 103 675
9 67 690
76 11 401
79 95 293
157 90 178
108 38 108
36 115 496
2 162 908
109 76 832
84 66 787
154 20 867
3 160 663
23 0 576
43 80 203
131 99 767
26 80 856
46 13 563
82 8 190
75 139 7
108 5 864
3 18 608
60 66 878
24 134 553
60 125 676
50 142 417
49 115 982
148 84 100
6 15 506
46 137 576
3 148 319
146 33 578
2 0 49
59 10 491
67 88 206
118 62 563
63 91 959
111 150 985
138 47 93
151 33 270
22 116 922
24 122 617
30 58 144
39 149 444
169 102 394
130 124 574
126 22 81
71 141 384
165 169 57
166 22 717
59 146 861
57 24 70
152 21 403
31 146 673
133 18 266
63 46 39
62 46 392
116 130 649
53 27 306
64 2 834
109 150 805
27 31 555
147 144 447
145 121 846
81 20 280
39 5 584
72 55 282
56 76 194
131 18 892
58 120 858
146 165 271
65 15 856
87 146 194
24 76 715
0 109 458
82 67 918
169 58 804
112 168 944
128 7 51
78 127 983
59 14 435
109 171 37
124 153 293
158 149 149
12 48 656
69 12 88
18 170 469
138 157 77
44 78 875
10 71 372
141 87 39
7 124 527
166 49 872
16 106 408
76 166 494
33 129 149
151 19 700
93 115 213
26 145 154
40 19 807
1 15 698
40 83 327
152 12 504
2 131 72
138 44 37
161 102 850
4 122 28
49 37 637
148 33 94
120 94 811
20 92 574
91 85 469
166 141 784
21 130 879
13 12 699
0 23 122
56 70 148
72 166 884
79 25 57
39 102 672
140 59 269
133 82 145
125 136 429
130 71 49
43 132 670
113 57 954
119 69 821
111 119 861
103 43 303
107 142 409
109 159 956
45 146 929
87 83 570
39 23 313
34 167 418
108 88 957
68 44 50
2 45 434
63 99 250
49 46 705
54 81 292
57 60 647
59 48 309
27 136 367
5 46 706
169 150 790
59 77 649
2 67 755
72 7 92
155 25 978
153 34 695
117 118 913
111 160 228
14 44 462
152 85 813
115 105 965
94 125 177
87 40 5
55 57 949
148 158 468
81 145 630
163 137 884
163 141 697
97 2 277
129 136 208
91 49 407
100 158 233
57 82 364
25 21 355
34 141 360
65 31 161
69 55 129
10 4 616
106 80 19
160 50 839
33 95 786
66 37 179
87 71 692
45 18 653
54 38 258
144 19 627
131 84 609
58 148 118
18 34 37
13 28 894
168 108 229
121 110 188
47 50 603
121 160 266
159 88 719
120 141 109
15 37 202
140 55 360
115 159 159
67 163 489
59 140 23
114 119 241
41 123 657
135 76 565
19 43 108
170 88 160
102 92 439
56 77 616
84 95 383
59 72 284
134 99 92
38 26 740
115 48 962
153 84 146
99 142 100
12 39 676
107 125 387
2 18 354
45 105 965
79 19 72
78 115 443
96 50 172
166 88 561
71 88 485
159 6 606
42 155 866
100 160 16
93 158 685
68 159 493
84 141 222
1 2 542
85 50 48
15 70 832
74 83 289
17 102 890
134 12 336
28 71 993
107 16 447
170 145 894
50 24 376
140 154 452
170 48 546
73 153 450
42 110 441
1 7 665
154 31 949
138 130 413
77 20 146
33 102 775
49 136 704
2 110 152
12 139 108
12 9 155
70 55 922
143 112 696
146 125 576
104 58 805
64 117 594
143 28 636
170 27 262
102 112 216
49 41 327
109 3 514
83 27 576
64 149 889
2 128 622
126 30 964
96 49 152
123 8 688
156 117 740
18 111 789
4 28 216
81 166 726
76 75 891
90 100 310
37 88 403
45 109 669
30 32 317
42 20 614
171 56 201
44 105 106
9 152 551
132 28 74
98 126 845
101 145 769
166 115 332
24 63 315
113 21 881
66 101 58
86 77 12
112 99 687
96 130 935
74 107 815
118 116 388
12 128 426
140 115 168
33 97 82
80 69 960
146 80 728
52 27 571
9 22 433
81 4 107
153 106 911
68 108 484
158 105 378
77 51 354
43 90 28
111 4 751
13 69 605
11 46 410
128 39 253
4 65 360
92 18 421
89 145 15
33 54 934
88 32 210
103 59 788
108 73 168
80 132 663
114 69 995
50 112 789
45 85 657
41 118 484
35 107 975
67 128 22
25 97 1000
67 150 298
94 42 316
76 69 963
98 111 640
117 130 757
69 80 867
125 15 256
99 70 995
150 6 398
20 131 776
19 86 557
31 0 907
162 26 840
82 70 782
114 23 708
70 49 89
58 121 1
167 75 771
99 26 890
78 95 875
102 85 475
155 150 82
85 168 548
21 22 314
78 111 947
14 137 3
64 92 557
107 163 766
65 104 547
20 58 847
48 65 617
58 66 764
128 53 774
117 88 194
7 44 382
14 45 249
4 111 424
110 70 236
76 119 683
105 14 160
51 118 873
135 145 426
6 45 380
147 100 188
119 86 380
167 84 155
158 3 374
54 139 134
123 21 816
25 31 158
23 57 97
112 162 235
17 98 701
63 151 246
123 43 875
68 84 310
145 5 341
157 149 792
31 129 580
133 138 77
162 19 599
152 35 398
15 150 732
132 73 364
62 143 497
164 86 139
39 98 713
168 87 367
165 90 354
43 162 68
51 53 559
85 44 712
152 38 969
28 75 476
121 149 104
155 168 655
60 74 910
162 53 620
151 120 582
62 40 160
73 29 948
157 4 374
170 57 740
41 9 329
62 159 594
140 1 364
129 48 682
94 50 71
73 24 461
14 135 203
160 164 44
27 65 537
116 26 348
138 34 767
155 22 539
65 17 784
15 47 475
54 46 386
24 100 730
159 0 728
139 94 503
19 137 574
115 89 443
149 81 629
114 148 693
157 69 275
45 116 839
42 53 845
162 115 559
50 115 157
135 72 725
142 124 523
115 113 906
170 30 497
52 40 87
154 49 619
25 149 805
127 7 520
4 23 674
111 95 378
90 159 566
6 149 555
143 76 123
78 44 407
165 34 591
90 9 60
83 22 635
97 53 558
18 80 645
26 140 404
127 119 68
100 37 310
63 146 845
41 23 714
160 6 750
108 125 921
166 131 6
152 142 717
57 131 169
136 24 751
77 4 289
166 143 384
16 76 468
33 27 990
2 27 175
77 60 607
115 110 881
137 149 463
120 68 762
163 79 890
78 26 283
140 122 853
95 15 232
152 37 341
124 79 283
44 67 33
140 24 682
93 57 60
80 31 940
7 152 665
162 21 549
45 40 131
98 58 232
131 77 272
119 154 374
115 138 937
112 158 111
114 80 626
106 57 256
153 152 858
156 110 430
6 21 345
48 22 745
12 121 965
4 136 962
82 0 180
51 167 684
106 81 342
108 32 459
79 34 320
50 79 707
22 123 640
73 126 118
79 31 101
17 160 341
101 35 473
111 169 226
92 141 660
151 80 919
56 9 157
106 75 715
5 145 288
41 120 207
42 167 601
29 131 308
75 116 585
81 89 603
46 120 478
145 165 435
122 53 284
150 169 90
89 31 720
42 65 22
121 26 412
140 54 192
150 92 957
5 88 304
16 126 263
82 26 537
70 83 508
136 66 231
104 42 195
42 47 591
127 39 592
45 77 825
159 32 406
152 91 519
70 168 956
163 25 769
34 59 428
29 86 550
14 126 241
166 41 970
55 26 841
98 65 906
69 112 344
94 96 128
99 13 683
129 40 87
20 88 988
24 167 188
1 4 973
167 51 812
84 114 544
0 137 395
77 89 99
155 117 320
116 117 302
74 16 746
13 35 330
12 92 683
152 102 116
108 91 591
83 15 82
19 106 385
15 139 419
25 53 905
98 32 432
44 90 299
95 102 925
168 74 18
13 16 28
159 113 809
144 168 501
77 3 45
0 138 593
103 91 930
83 110 558
75 97 658
61 49 977
14 24 208
101 128 711
34 88 683
142 87 761
43 134 342
43 70 540
45 27 503
94 163 460
35 17 367
84 83 393
90 109 616
151 41 392
67 43 519
164 1 578
143 71 217
64 151 459
57 16 227
140 104 56
36 31 850
63 94 980
130 24 56
154 140 512
33 78 706
7 18 709
60 159 665
34 11 951
87 171 33
94 156 447
76 60 915
94 105 677
164 26 420
110 60 791
127 138 652
23 118 423
160 33 439
123 156 419
99 45 138
5 119 354
153 44 236
171 62 953
6 2 282
13 157 2
75 58 320
92 123 903
106 34 31
38 151 605
128 69 779
72 155 876
6 76 210
142 66 973
128 135 247
128 17 382
39 47 888
95 30 389
9 35 300
83 84 343
158 69 200
0 150 840
44 33 94
136 12 831
16 89 934
2 170 120
104 131 281
101 114 356
100 139 309
70 35 789
9 91 293
65 153 274
0 151 857
20 39 367
103 79 401
166 61 499
4 63 820
167 126 816
127 57 731
115 58 198
126 146 270
31 72 582
143 153 91
15 137 839
139 45 618
125 123 839
90 21 802
25 87 715
33 91 687
36 106 559
96 90 995
164 153 667
111 164 981
77 97 928
20 70 643
107 4 688
88 106 816
31 8 868
142 8 261
3 56 889
103 6 685
63 121 102
155 69 171
52 53 372
122 65 747
59 72 843
169 65 249
49 48 749
20 50 370
116 97 74
69 149 797
146 157 26
8 40 549
80 101 773
131 161 991
138 171 633
162 167 258
54 61 502
88 93 248
125 66 714
161 63 149
102 32 1000
12 107 532
24 19 521
170 164 350
97 112 962
16 59 115
46 107 385
154 95 353
43 140 97
144 143 719
18 111 408
171 153 129
50 41 887
100 83 197
133 41 613
99 169 128
115 10 327
159 91 797
42 99 422
35 161 720
48 161 116
75 95 748
142 8 949
67 121 398
107 63 110
9 28 470
21 101 648
67 170 451
44 58 355
33 77 100
37 152 784
122 111 406
15 84 746
122 82 106
89 155 225
133 28 716
95 126 552
124 62 585
169 160 584
9 61 819
59 39 236
13 45 658
98 26 670
115 70 736
39 100 322
162 133 684
88 65 538
110 40 687
24 111 790
87 107 89
27 44 743
20 43 386
138 81 502
58 19 971
158 39 605
122 0 484
0 57 71
82 44 962
11 8 484
128 77 398
49 121 658
93 0 966
99 147 565
42 76 707
49 78 499
42 143 737
18 102 353
166 28 243
164 91 106
77 15 948
40 108 123
56 156 466
41 120 664
158 68 636
41 67 77
136 171 911
43 106 937
24 83 335
23 102 319
114 76 824
79 50 327
37 97 889
50 123 787
81 82 457
61 156 984
161 94 730
78 34 104
58 130 234
75 165 356
94 77 946
31 90 17
53 61 315
158 112 617
117 158 179
78 113 340
143 60 30
169 139 645
0 116 543
152 38 772
10 36 439
170 130 557
81 76 132
144 75 793
162 144 155
170 154 26
11 165 276
94 4 433
16 85 811
77 72 561
19 2 902
83 67 879
90 58 683
45 85 563
111 136 623
122 68 87
163 35 247
74 15 554
9 91 437
36 34 921
59 95 408
167 171 973
15 56 323
171 103 726
118 159 651
77 45 684
167 100 902
137 57 417
8 98 671
46 105 674
70 36 348
35 107 956
98 169 234
96 66 992
55 35 769
65 88 776
78 73 16
73 16 23
110 16 14
38 83 87
124 32 275
14 167 193
78 170 897
90 107 185
89 23 333
108 146 417
25 43 465
44 142 956
71 37 212
58 162 450
48 73 86
18 167 389
102 60 710
105 49 48
97 117 683
171 54 601
83 92 181
118 78 217
79 90 353
106 5 804
4 164 983
11 48 517
57 155 920
158 63 450
160 65 629
142 170 130
108 88 921
15 77 120
95 72 932
77 31 667
100 44 816
112 80 486
116 120 961
89 156 154
32 40 866
89 39 233
104 45 19
151 135 485
38 101 924
126 134 680
24 57 63
151 109 526
47 79 763
158 41 11
129 148 372
141 56 242
103 70 661
107 136 46
68 17 540
91 160 430
10 138 579
162 125 507
132 75 288
81 32 208
62 17 231
83 34 94
67 151 708
52 100 526
114 80 654
101 28 800
70 18 552
133 138 480
27 48 828
26 156 67
10 84 376
12 8 188
7 25 139
97 169 192
122 155 514
41 121 397
97 148 261
14 143 582
104 103 172
96 16 153
150 171 81
87 71 212
145 32 165
13 107 948
128 76 841
56 87 43
91 85 113
91 22 381
165 94 551
18 31 277
119 28 666
5 0 775
160 75 651
157 38 255
25 86 383
84 63 989
29 113 942
155 68 418
106 51 222
125 33 441
51 164 802
5 50 77
42 112 998
79 69 602
160 82 556
134 22 747
86 117 921
142 82 221
67 69 152
25 139 380
154 48 918
126 25 52
50 123 264
13 59 795
120 135 584
36 46 773
154 33 139
92 40 31
84 102 620
143 36 391
45 49 926
58 120 815
166 120 290
159 100 307
162 56 766
86 158 669
62 77 241
53 74 774
116 118 706
122 167 79
152 69 443
70 64 51
138 6 980
171 4 571
0 109 714
159 36 691
39 16 205
81 65 854
54 48 956
56 118 276
169 150 84
152 114 462
79 157 94
106 76 865
25 12 636
33 124 403
102 109 163
1 65 615
83 57 597
16 63 608
95 105 922
97 132 262
102 145 2
12 37 91
104 147 531
65 39 165
97 164 763
54 157 643
58 162 296
67 102 937
127 129 217
86 8 576
127 78 223
106 93 601
135 1 94
4 87 11
165 171 335
91 108 173
162 37 660
135 36 37
163 62 353
65 104 727
131 29 903
131 142 364
61 27 524
70 164 294
4 99 527
70 4 808
81 115 804
77 169 300
93 14 190
146 121 43
60 1 539
162 67 484
64 92 529
31 17 822
168 154 366
139 49 924
89 43 226
129 48 663
10 98 584
68 167 475
120 38 913
11 82 552
153 73 952
154 160 594
110 6 999
94 47 884
48 31 273
92 10 15
3 37 402
50 34 449
129 68 811
15 68 982
102 89 295
25 88 62
16 41 358
10 112 312
18 101 928
1 54 429
22 154 644
69 113 210
49 133 95
25 94 585
61 67 854
170 38 868
123 16 191
14 82 288
25 122 807
81 132 691
17 38 621
154 38 807
113 102 828
88 123 330
161 27 847
18 65 142
26 103 58
150 109 502
68 158 226
65 32 22
159 91 774
165 119 610
51 32 560
19 125 749
17 82 895
95 27 893
135 125 108
149 158 574
29 103 800
163 28 635
91 6 503
83 131 948
38 23 812
24 132 566
71 5 724
125 160 798
25 43 495
21 34 792
108 50 606
171 38 587
41 64 7
67 115 767
133 103 811
152 62 937
151 58 92
37 35 296
10 134 584
162 35 999
135 35 306
92 26 507
133 128 323
127 21 669
18 104 352
103 129 10
105 10 988
35 146 303
131 14 768
112 37 794
37 110 276
27 101 842
64 37 65
3 12 260
10 54 67
133 92 601
22 97 723
2 97 150
136 104 784
41 115 100
116 71 11
36 124 306
56 140 233
140 30 804
62 78 888
93 49 568
122 63 46
140 3 406
111 76 45
162 98 334
11 19 594
81 92 633
45 34 146
58 115 490
7 8 959
101 78 964
110 138 685
44 32 775
131 41 842
148 44 358
143 13 680
10 82 782
38 103 531
104 50 730
38 143 10
29 146 657
86 156 863
169 165 53
28 118 643
117 87 572
4 49 965
147 45 900
69 98 797
86 144 914
126 25 30
151 4 317
53 34 277
93 116 218
77 146 813
53 149 165
62 63 440
81 138 394
72 24 474
168 39 286
156 95 289
137 22 806
154 75 18
3 47 802
53 9 530
17 106 506
152 144 25
145 88 893
120 92 122
81 136 377
108 136 118
65 106 619
41 105 980
135 42 236
117 71 523
81 67 456
85 47 441
47 51 342
81 79 779
105 28 265
74 126 427
128 49 963
151 50 188
141 106 237
41 75 882
49 134 363
58 84 936
146 154 16
53 157 295
78 125 663
19 73 333
146 162 252
99 56 117
24 85 895
15 165 981
115 99 767
11 162 786
170 136 12
17 164 97
32 167 250
109 151 61
100 60 575
85 156 615
137 81 278
54 121 742
121 139 832
55 88 661
106 15 271
148 25 2
134 138 215
78 84 62
60 40 377
64 120 189
64 137 984
100 161 426
154 114 170
72 83 207
84 15 172
27 108 880
169 10 948
30 158 502
60 132 441
143 96 658
148 48 812
1 148 856
14 77 10
28 62 791
100 95 621
31 135 812
160 62 987
79 58 560
119 115 828
119 5 554
142 16 309
47 50 868
123 166 560
86 68 830
139 95 332
21 76 76
160 40 581
144 30 397
22 123 175
117 24 508
163 24 734
110 111 987
121 166 345
140 88 227
159 143 552
57 112 784
148 0 284
35 44 842
155 107 187
121 94 542
21 76 975
62 111 436
86 49 920
155 67 590
87 19 63
171 28 452
62 52 175
168 165 930
58 64 370
129 169 394
76 4 973
55 101 752
126 132 287
71 128 48
162 29 497
143 119 592
25 22 795
130 59 334
152 120 701
132 38 333
42 88 392
152 143 192
26 73 283
77 107 155
87 126 220
103 106 682
126 167 529
26 80 53
23 25 843
13 68 704
76 97 592
99 128 160
134 6 990
85 34 993
171 32 553
76 5 876
79 154 358
36 25 5
55 107 150
99 164 997
116 27 107
119 165 898
117 89 870
11 55 736
135 19 385
13 65 771
100 147 803
119 89 88
43 26 169
35 14 970
61 153 887
157 16 430
30 15 792
62 154 240
120 0 505
123 58 131
130 148 728
86 139 16
16 92 201
89 168 123
95 132 56
97 145 195
110 79 996
41 43 345
114 19 240
66 58 324
109 79 411
136 126 821
30 156 307
72 154 136
125 139 262
152 109 799
82 72 883
45 93 147
151 135 248
59 111 765
27 38 328
37 137 890
68 168 811
131 85 934
87 40 516
28 91 39
32 85 331
123 46 568
166 91 978
36 107 962
148 109 348
16 91 176
112 21 504
12 85 588
11 17 803
26 105 413
6 18 940
119 78 77
47 16 533
24 74 976
143 121 713
105 56 725
104 162 67
122 113 581
17 25 710
84 165 995
141 41 435
163 140 102
151 153 704
3 0 438
104 92 201
51 85 741
119 53 519
170 147 302
87 111 276
44 92 643
52 68 194
127 129 97
94 115 221
73 50 784
171 79 658
83 170 394
75 52 35
112 106 536
86 43 743
123 168 640
131 114 650
68 62 68
159 115 13
9 11 172
128 40 865
77 148 191
101 115 143
56 85 636
55 33 486
0 78 1000
14 163 490
17 82 305
95 146 403
86 10 594
163 28 224
164 36 936
124 164 802
69 99 935
111 42 799
76 145 937
68 32 123
63 165 693
31 20 278
90 136 16
50 36 784
96 64 623
50 167 327
55 104 87
37 134 492
162 102 794
76 54 703
136 105 401
134 148 703
115 140 997
82 114 535
126 48 404
84 112 803
154 101 47
29 11 883
101 156 842
141 41 868
128 31 760
103 31 550
66 27 858
1 44 988
90 63 810
63 121 246
31 56 969
70 2 969
76 20 942
2 111 861
159 167 80
132 116 527
137 154 692
136 115 640
107 6 582
102 88 259
46 147 547
43 52 888
121 14 15
121 84 389
103 17 311
11 21 56
6 55 728
155 171 68
3 85 856
37 9 515
171 4 136
21 5 976
78 140 750
106 66 309
154 14 799
138 125 799
138 149 873
85 116 188
18 122 523
27 12 562
127 12 291
19 93 428
93 147 777
110 140 292
10 152 429
86 31 910
39 59 355
1 153 353
22 131 986
95 9 371
14 151 835
31 132 570
20 11 617
149 66 191
36 41 171
138 29 352
20 96 601
65 24 578
49 141 360
31 133 927
64 159 313
167 45 125
71 151 457
8 139 908
127 32 327
88 20 726
151 38 167
2 0 180
31 101 28
91 23 881
51 42 418
7 50 795
44 162 962
109 95 855
35 157 762
42 9 215
137 19 920
157 42 574
86 32 873
94 102 969
144 44 115
66 35 192
159 46 950
128 93 82
0 94 755
79 120 228
76 78 642
29 165 752
170 113 48
161 48 105
37 105 178
45 106 688
2 0 462
142 128 617
62 21 765
2 108 762
104 3 991
134 2 838
170 156 20
18 170 668
47 84 828
55 106 92
108 45 31
93 35 616
76 107 27
90 108 817
44 4 800
170 78 529
19 91 258
127 99 993
89 51 258
55 48 332
43 112 828
43 159 668
127 32 396
83 110 635
152 52 991
9 87 80
15 14 865
49 142 598
81 166 174
44 104 366
71 23 74
108 130 853
113 124 987
95 131 254
36 83 507
72 31 217
95 26 813
52 164 311
169 142 983
8 4 760
77 164 186
87 97 879
137 42 372
136 91 478
24 140 797
69 143 846
20 109 750
149 164 875
57 85 442
65 128 247
56 165 962
148 61 891
4 114 543
131 23 26
154 128 639
101 11 796
71 63 190
156 124 144
57 91 145
33 159 373
57 49 662
112 72 147
53 7 386
137 106 318
124 155 541
98 99 497
162 171 292
131 88 917
161 113 183
125 81 898
123 126 958
51 0 393
99 131 180
48 167 245
132 123 771
147 115 752
109 165 501
121 28 469
71 7 913
39 14 444
9 62 829
6 9 732
14 90 458
11 25 44
61 109 209
63 45 783
115 78 140
44 8 82
165 32 761
131 67 219
79 103 638
111 43 462
112 88 721
70 72 502
153 90 826
17 122 51
130 19 608
53 39 951
130 3 804
42 19 84
98 66 359
89 145 213
149 151 878
0 169 471
57 0 728
110 19 958
154 38 411
103 5 83
89 167 448
78 96 974
110 52 989
69 117 957
48 160 387
141 45 889
135 126 19
162 74 631
151 145 338
106 4 206
30 20 71
119 27 810
116 123 511
59 150 450
5 37 711
63 43 700
77 9 520
118 146 298
40 100 960
69 153 274
48 15 254
44 96 395
80 7 666
149 31 386
75 92 264
171 57 667
143 5 488
41 38 561
80 160 115
150 16 11
70 69 190
169 62 446
151 92 651
0 88 258
88 34 201
16 133 159
122 20 631
78 67 302
14 44 490
168 10 429
124 126 531
34 82 103
50 40 131
62 137 837
60 94 805
154 46 291
115 135 511
58 88 930
144 11 987
67 80 979
98 15 500
125 66 187
43 45 357
125 28 269
165 164 465
144 168 30
11 59 769
33 160 45
90 2 375
60 26 296
86 30 417
113 80 477
15 21 668
43 39 317
107 128 338
5 118 211
128 101 876
124 29 613
19 88 789
147 25 228
31 92 347
87 32 659
146 128 985
111 12 606
147 22 140
170 79 560
150 3 91
147 129 850
24 3 618
40 164 431
63 10 16
41 79 645
81 22 264
99 76 503
59 70 574
108 170 903
90 16 478
99 28 870
101 130 340
105 71 348
107 157 641
71 109 51
171 64 97
73 155 981
107 15 160
53 3 302
163 90 794
86 0 764
33 43 916
41 135 808
150 47 990
112 160 733
144 72 308
5 31 611
1 131 768
9 5 360
35 120 824
99 48 785
76 151 356
169 25 155
108 7 573
31 5 349
148 45 6
28 165 34
155 52 258
55 50 522
120 39 955
51 150 409
85 121 244
25 21 966
89 115 214
19 68 395
53 25 578
110 95 490
55 159 960
45 39 429
70 120 442
75 148 545
88 131 617
163 87 859
59 130 641
145 142 378
136 6 114
75 145 42
164 82 66
122 10 254
75 121 951
154 157 17
124 129 802
169 164 24
135 158 806
63 139 856
97 53 987
126 131 799
11 122 435
41 110 39
57 18 473
95 140 500
113 129 17
116 146 772
37 146 618
164 109 927
132 69 35
26 145 822
63 96 218
26 1 812
116 155 463
4 62 151
63 133 779
22 133 78
84 166 664
57 42 995
72 86 727
82 40 981
32 101 899
162 149 380
28 147 72
122 60 928
117 128 659
74 29 728
63 130 713
113 11 964
68 2 192
24 27 176
100 4 552
51 138 298
31 21 505
129 49 61
38 164 939
33 110 467
71 77 570
104 89 633
127 52 575
125 63 557
117 86 969
80 91 952
56 128 613
81 40 282
124 5 209
60 34 555
77 94 831
8 99 489
37 10 265
37 23 267
11 137 455
78 139 523
156 69 697
35 85 446
137 65 763
23 151 105
117 141 700
82 139 986
105 169 172
159 29 520
21 124 699
1 113 978
121 164 768
135 123 576
139 34 263
85 56 289
85 148 417
115 29 942
22 151 832
158 38 8
71 90 696
167 71 514
122 20 758
58 48 414
68 134 781
67 132 307
35 95 783
95 77 882
26 132 343
24 112 662
119 30 399
99 29 291
113 134 763
138 59 913
16 12 561
87 158 417
164 138 708
171 158 492
105 67 871
51 98 653
74 124 28
70 22 594
81 121 398
148 91 256
91 116 277
7 150 625
99 14 317
8 82 666
98 32 796
170 4 304
104 141 573
83 30 203
66 20 818
128 100 120
94 78 386
135 73 4
164 111 648
166 77 646
168 24 238
165 103 233
25 45 541
108 156 487
54 95 441
11 48 284
157 47 418
127 5 38
150 91 320
147 11 557
167 91 983
94 155 773
170 86 800
104 156 634
66 170 381
88 76 469
81 130 751
105 124 108
35 52 602
31 12 726
103 157 251
125 101 207
152 58 62
87 138 540
7 59 958
60 71 419
125 7 230
80 150 604
131 55 687
147 137 179
130 46 214
8 42 825
80 73 37
154 168 856
18 125 330
109 57 163
89 133 168
49 77 20
76 17 640
50 85 79
135 104 979
130 116 603
40 112 611
7 142 713
54 97 34
105 83 327
5 157 239
62 9 636
31 43 72
89 109 330
149 99 556
64 13 764
76 49 639
105 116 851
114 16 106
9 39 573
92 126 813
169 100 41
40 140 261
57 54 91
40 146 840
156 8 446
159 151 136
18 168 729
122 27 288
117 106 514
118 73 81
56 40 668
62 126 616
108 63 636
4 39 47
141 147 442
165 29 118
136 102 837
77 69 367
112 50 337
107 98 664
58 85 960
99 134 677
114 3 596
58 157 135
67 99 123
26 122 636
19 80 597
102 25 781
6 70 4
45 57 807
148 40 537
80 32 427
75 116 153
145 168 756
30 89 605
26 15 724
101 68 241
117 168 68
129 90 518
115 46 298
5 72 437
161 144 419
156 93 530
63 28 393
123 131 828
2 33 1
5 90 548
80 114 547
19 69 284
97 136 574
137 26 207
94 34 899
70 157 551
79 14 570
115 158 394
150 100 201
78 163 275
96 149 616
171 32 515
124 80 594
27 31 381
32 41 815
78 104 93
113 7 928
89 100 479
120 43 46
73 6 302
160 167 937
152 142 784
123 95 880
42 88 806
79 129 287
86 25 94
52 65 400
138 168 528
118 2 607
140 47 482
161 16 666
42 18 105
115 23 774
170 9 685
134 43 695
59 21 749
48 72 387
61 167 455
91 168 235
166 120 626
37 68 570
71 149 852
94 154 31
159 104 300
99 103 545
38 138 967
64 159 120
156 35 663
1 79 570
138 98 875
43 38 679
44 37 511
161 154 361
171 88 842
121 118 256
59 145 381
123 85 383
39 91 744
169 75 75
120 17 470
157 106 242
104 68 485
9 84 673
129 106 754
13 53 684
62 93 430
1 53 772
158 22 43
115 12 445
159 103 859
97 126 213
126 101 430
126 133 143
94 138 604
3 50 539
95 145 166
115 39 394
29 89 47
168 31 863
114 147 82
50 135 31
59 107 864
126 123 878
166 24 196
130 133 69
158 149 909
42 157 719
28 168 899
87 140 810
166 170 755
28 35 969
167 6 95
148 70 855
67 122 53
137 158 26
148 106 940
24 47 395
74 76 470
132 155 370
53 58 844
36 72 665
42 102 862
19 95 502
156 29 897
92 91 79
159 79 448
110 45 789
132 161 962
5 127 743
21 59 667
17 67 456
113 127 528
91 130 320
16 20 924
154 139 323
41 91 378
84 138 485
54 106 227
111 40 895
129 85 84
105 49 895
31 13 281
114 136 329
51 169 450
94 81 684
95 5 392
50 136 59
157 56 931
124 80 64
32 153 288
102 76 187
152 114 996
78 136 630
78 40 92
53 166 205
145 131 5
165 163 356
31 150 836
26 103 472
82 18 752
163 108 201
155 169 110
61 52 560
21 89 564
145 136 657
72 79 700
62 83 802
75 118 795
137 6 484
167 1 7
43 57 169
5 134 673
170 171 693
44 88 771
65 151 407
148 159 888
90 158 870
119 134 232
4 80 532
119 56 487
49 42 439
36 59 18
133 4 501
117 51 622
68 100 251
66 14 434
148 82 395
73 161 310
141 153 850
87 154 817
103 42 901
139 46 232
132 152 695
79 15 245
38 119 397
130 58 610
129 45 753
76 159 999
45 76 468
89 32 810
91 15 275
53 137 870
80 32 894
101 2 70
11 21 574
129 139 838
92 48 915
52 169 695
103 157 5
69 162 258
161 16 194
88 67 89
37 76 579
121 25 763
93 111 852
133 124 821
114 87 142
81 142 650
27 122 942
50 25 476
66 122 100
125 27 815
50 6 373
144 31 722
91 60 136
140 101 188
49 16 901
66 138 376
25 166 270
146 37 332
148 25 964
149 33 523
145 163 164
17 136 80
166 134 836
164 36 394
49 31 852
143 147 456
0 123 715
63 10 819
73 107 736
164 81 286
104 50 256
163 42 923
167 51 344
63 88 218
131 30 8
141 117 776
129 138 352
53 89 660
76 118 917
49 97 840
97 126 160
104 13 636
30 157 868
152 116 487
39 44 925
37 126 328
41 135 113
127 49 291
105 168 336
142 129 434
103 73 38
122 64 918
75 147 190
146 65 649
99 137 872
52 95 479
123 4 353
89 82 624
15 56 679
93 114 242
47 34 746
19 91 222
151 90 635
143 43 570
1 58 245
125 18 629
11 146 443
122 145 690
75 73 839
12 27 800
151 30 973
89 80 696
51 27 179
167 165 783
136 30 54
134 27 491
18 14 898
79 29 997
57 93 383
166 108 390
114 142 453
146 129 693
64 108 570
61 43 888
83 17 796
30 1 300
168 144 217
58 109 128
116 147 39
57 92 954
87 12 481
59 29 638
19 163 261
146 42 653
167 50 325
23 128 785
148 146 380
95 93 728
55 30 589
114 139 769
46 157 673
69 169 939
129 99 224
150 78 280
24 68 973
121 10 531
7 99 709
138 150 545
32 143 767
41 117 533
39 21 617
13 101 729
47 3 372
104 33 259
110 29 23
102 2 914
122 79 288
158 141 666
112 34 696
34 36 830
71 5 38
55 28 838
49 43 938
167 148 970
151 106 536
47 72 464
52 51 280
46 67 164
118 166 574
75 78 34
31 72 597
134 10 312
165 109 418
54 57 58
108 110 407
57 1 743
155 93 46
78 3 151
11 75 146
56 71 413
161 29 793
52 50 651
5 46 882
19 127 777
0 53 371
13 41 996
21 31 580
149 155 636
42 67 154
25 167 261
102 162 164
5 104 229
129 5 135
117 35 592
40 38 958
79 93 669
46 131 918
84 44 484
130 47 481
147 107 214
101 48 426
18 87 510
154 40 926
34 78 73
100 161 344
37 13 397
91 18 902
17 117 367
143 66 132
82 163 935
99 171 464
108 124 582
138 63 252
87 57 648
102 73 286
168 164 209
123 89 47
108 99 50
132 6 832
144 157 426
147 101 221
1 147 49
117 162 692
158 15 938
158 116 447
156 115 184
12 169 454
125 112 427
151 105 67
47 49 629
29 104 919
37 167 663
135 2 421
29 139 97
2 148 216
49 97 807
92 114 670
4 9 497
122 119 945
87 149 190
18 105 605
158 132 733
158 161 983
10 152 645
71 31 107
134 9 972
43 168 120
149 14 588
135 80 24
0 127 231
171 130 448
59 91 987
69 31 691
42 104 956
149 108 251
125 104 694
53 171 997
159 168 93
150 39 735
121 59 460
67 155 602
163 134 292
137 99 503
44 151 737
148 21 747
131 171 885
23 123 402
134 144 778
157 72 574
167 96 417
10 21 13
161 143 266
57 36 850
92 165 451
42 20 78
114 56 564
114 85 931
151 70 402
111 43 870
166 81 275
152 56 595
99 111 39
164 56 652
147 46 673
68 72 445
94 70 682
106 38 211
6 128 715
15 143 270
58 157 693
94 89 172
79 170 392
167 64 297
29 85 814
95 8 605
40 98 402
102 156 197
162 171 393
107 4 582
36 96 836
98 105 245
149 21 249
20 39 480
159 113 120
30 119 236
91 107 355
10 118 861
147 32 782
115 6 707
6 51 853
42 114 544
152 93 391
16 5 794
7 88 611
41 59 983
63 122 77
12 49 169
75 5 856
87 88 154
6 107 424
124 29 471
163 59 17
28 88 278
103 87 765
50 125 995
51 43 963
67 40 174
30 47 651
74 161 137
149 75 626
117 91 207
15 126 447
161 0 270
152 112 671
140 142 648
11 104 987
31 7 344
114 18 864
65 26 67
105 151 870
4 33 121
82 98 636
81 52 334
12 170 97
122 138 160
80 30 313
130 24 315
126 69 331
147 131 124
119 82 131
63 129 706
103 42 532
164 154 971
159 31 7
45 114 456
153 7 467
12 135 628
151 160 317
158 32 360
7 97 202
47 95 324
14 102 734
153 152 618
84 38 275
123 63 919
39 99 973
23 89 658
91 81 411
138 155 91
68 143 179
161 168 745
110 125 498
58 65 81
12 20 273
64 151 843
53 4 930
24 160 803
86 11 276
39 125 770
115 127 465
130 135 663
23 90 122
116 17 965
112 145 108
110 82 358
157 136 715
121 119 236
13 55 687
148 162 260
145 20 870
32 50 852
5 165 895
65 6 426
138 2 899
120 146 884
153 149 926
168 13 913
49 96 492
137 18 807
153 127 677
92 112 517
146 78 895
15 154 146
7 98 980
15 52 339
6 21 183
46 75 331
65 85 774
122 25 425
89 13 195
149 127 278
145 25 300
151 170 300
84 52 243
79 49 636
1 34 487
136 115 561
28 63 464
2 135 799
127 162 419
120 90 729
109 1 534
125 47 69
144 91 163
35 170 962
40 19 675
159 161 753
122 155 716
97 23 155
73 65 912
83 59 361
10 165 513
1 69 84
101 49 746
154 157 717
24 41 909
26 51 507
59 42 137
166 163 739
134 91 329
58 100 152
82 2 99
144 52 895
151 36 72
63 84 475
120 69 192
43 26 567
116 8 849
77 133 346
1 49 834
160 8 539
68 27 967
146 96 218
159 54 197
0 51 95
114 142 931
60 36 513
25 143 323
27 127 78
5 40 359
163 140 328
25 105 557
44 7 960
127 10 705
155 141 227
9 86 504
53 19 921
142 103 39
105 42 836
120 108 302
149 119 406
94 47 636
30 10 927
69 165 941
126 23 73
135 66 939
71 103 322
150 30 860
88 50 815
83 145 378
30 87 327
122 162 88
171 110 249
103 0 316
78 98 798
115 48 829
26 88 538
84 136 361
110 167 200
74 124 478
7 15 621
148 116 22
130 81 996
116 143 235
160 46 828
88 132 47
25 94 142
144 10 372
56 115 201
86 31 164
148 161 683
158 138 561
40 107 487
139 39 63
32 58 585
80 85 831
93 38 596
94 31 790
79 151 192
40 78 552
18 128 727
8 149 108
49 29 196
122 40 717
65 34 959
110 55 538
3 124 608
24 29 316
6 135 784
110 19 873
100 144 417
147 130 594
150 161 667
14 66 722
163 27 569
133 6 630
146 86 205
154 151 367
27 48 508
52 8 449
111 113 798
65 129 848
55 91 24
130 30 290
8 149 43
166 143 640
83 77 582
59 63 769
48 137 180
31 26 990
18 165 21
40 16 620
137 63 704
94 143 321
27 1 311
16 47 728
76 4 569
20 113 14
74 14 41
11 80 155
7 41 514
33 64 690
0 27 602
146 155 737
55 117 562
75 122 656
29 81 450
11 155 630
89 127 884
34 79 508
131 23 175
57 113 917
56 19 415
32 91 223
30 56 472
140 72 99
46 28 882
14 13 810
100 75 200
55 45 744
169 156 192
102 116 625
110 157 991
110 135 750
167 23 752
14 147 909
150 56 328
49 78 532
124 145 738
21 19 614
84 142 442
167 140 863
69 150 14
161 100 553
127 157 695
99 131 940
98 13 536
45 73 223
96 144 138
3 95 742
56 162 216
49 123 190
131 111 278
117 37 736
57 16 215
46 82 209
15 171 877
105 55 988
145 150 617
60 91 827
147 22 251
4 159 299
108 142 914
154 76 633
51 95 784
31 58 914
38 61 83
58 61 782
71 121 207
167 66 375
26 127 446
170 130 847
171 161 257
10 55 365
62 137 104
138 155 132
78 22 600
1 103 619
164 148 747
4 72 627
152 161 727
39 159 907
152 121 874
71 151 536
136 150 635
48 92 103
74 19 284
168 130 147
33 142 487
8 31 212
49 70 328
106 167 40
10 127 153
150 96 145
127 22 228
120 37 195
8 36 47
0 47 830
13 31 106
77 44 490
44 155 599
52 169 311
143 15 902
44 149 911
125 73 155
79 80 602
0 98 886
151 154 3
41 168 168
46 103 763
92 103 926
144 116 997
69 60 242
3 121 986
49 105 825
77 121 784
30 65 523
101 117 211
106 158 731
83 131 551
65 31 123
82 137 956
35 98 614
88 12 244
21 12 341
117 6 908
168 54 837
131 27 453
143 12 39
115 113 183
58 24 815
94 159 403
18 47 532
38 117 858
23 109 318
75 84 963
153 100 232
39 84 291
30 42 621
14 74 307
163 106 750
62 163 604
47 11 725
87 34 686
96 128 198
7 121 870
145 11 876
103 70 4
68 112 625
125 170 891
70 113 771
101 45 323
151 48 375
51 158 945
45 140 354
32 110 549
63 72 17
159 68 392
156 63 766
80 27 818
106 118 418
15 41 896
108 107 86
124 128 796
70 155 8
53 119 797
133 52 854
106 116 308
124 139 884
54 162 136
105 5 325
167 171 201
101 58 208
112 44 117
27 87 952
73 62 670
97 72 634
75 4 60
137 116 23
34 119 461
150 50 34
10 107 320
97 64 467
44 42 443
90 94 278
29 5 764
98 141 120
60 47 295
91 53 534
124 102 959
162 119 621
60 50 131
160 169 714
96 126 197
2 139 319
86 54 940
9 124 366
9 127 132
102 42 573
168 17 330
118 21 338
17 166 929
0 170 900
136 127 317
73 107 726
108 16 980
105 144 236
50 74 21
118 51 883
95 117 903
167 89 906
62 82 228
44 159 613
26 4 361
128 84 205
111 146 304
74 152 34
30 77 507
164 92 437
57 80 491
142 82 681
85 33 942
109 105 821
32 114 74
48 12 193
141 49 86
60 141 19
152 28 649
147 139 131
94 19 375
104 107 552
41 130 540
141 24 993
144 135 660
162 70 333
168 48 899
125 31 973
66 100 52
124 66 799
40 156 165
84 4 68
123 99 170
35 94 987
137 60 445
88 145 888
110 90 49
8 82 42
4 31 450
2 61 390
9 88 592
87 56 136
63 64 810
89 54 942
6 114 119
140 91 260
9 110 773
143 15 862
35 128 458
115 94 443
32 122 330
113 18 403
165 159 422
61 120 469
13 86 749
135 101 833
141 83 222
90 169 903
5 127 125
170 45 422
122 160 872
59 64 971
68 151 399
147 18 753
105 82 839
70 116 202
43 53 130
143 163 141
44 145 672
34 103 753
9 165 794
10 76 228
103 18 357
41 127 382
121 15 201
70 3 96
27 58 258
42 116 979
160 132 188
101 48 606
25 136 224
160 57 438
100 96 954
77 64 819
91 108 11
41 45 680
78 80 79
132 23 946
125 133 802
146 2 553
13 43 321
46 165 867
74 38 574
37 124 497
47 52 672
161 112 348
5 33 360
115 77 896
28 133 95
159 165 823
64 3 846
96 162 865
165 51 323
89 140 139
170 7 885
69 114 293
85 118 267
61 71 698
19 64 164
163 162 50
41 132 610
5 20 100
64 127 256
89 134 940
34 41 460
166 78 130
31 80 856
94 88 685
63 51 574
78 51 801
32 112 305
125 157 410
39 111 403
19 9 73
154 60 610
63 11 522
137 100 531
130 14 693
120 77 756
151 41 73
107 78 663
169 170 244
120 13 460
12 41 709
171 106 909
23 77 282
51 76 991
141 138 591
105 50 192
90 108 717
49 110 305
27 113 623
84 67 221
38 57 903
36 23 371
39 154 599
48 37 43
54 20 986
11 40 916
137 124 782
153 33 48
94 20 481
60 162 684
68 64 348
77 0 634
86 19 827
37 123 899
72 163 658
154 42 789
40 55 980
19 80 871
14 95 246
84 67 605
165 157 1
115 170 118
124 152 999
147 55 834
127 22 255
71 94 146
73 24 418
95 41 618
32 35 473
124 1 825
88 60 820
120 160 899
128 16 690
103 12 227
75 167 45
34 114 332
29 165 430
87 137 8
2 41 248
106 133 175
159 100 906
29 171 500
41 36 249
35 9 842
156 123 612
163 29 249
38 144 585
157 58 334
170 6 924
108 75 682
98 96 736
122 79 807
126 74 712
97 169 546
155 20 458
166 165 509
129 103 638
91 29 251
40 12 83
98 49 528
133 84 289
94 153 611
145 27 889
29 23 393
40 121 380
82 88 328
21 109 452
154 145 502
61 81 122
60 81 502
19 136 533
43 129 838
153 2 208
134 165 466
56 138 578
45 128 279
100 18 894
13 91 882
141 4 341
4 98 252
9 39 125
99 163 252
22 119 794
12 73 141
162 83 589
58 45 615
91 165 867
151 21 802
139 73 372
71 165 226
13 44 387
135 3 268
69 115 923
88 167 22
86 46 312
155 46 800
142 167 829
106 72 783
96 72 646
17 97 772
139 117 14
135 2 353
46 16 735
60 148 630
29 79 147
149 49 644
74 62 846
83 74 730
5 78 169
95 78 627
150 99 267
56 144 230
158 104 766
25 103 451
46 98 160
131 162 741
87 112 415
137 12 797
73 65 315
14 51 724
126 129 923
43 101 369
97 149 377
170 51 715
94 47 139
40 8 130
32 6 880
9 37 271
90 63 764
79 65 551
118 117 168
142 37 10
5 13 783
33 63 67
78 65 482
40 38 761
37 129 901
44 29 355
142 66 854
116 151 667
88 42 723
132 66 56
114 126 780
33 137 593
19 79 292
98 171 393
163 138 954
159 155 976
62 76 509
169 117 104
156 43 716
94 118 352
149 104 133
149 165 477
130 143 903
121 120 539
26 57 682
49 77 191
52 82 316
27 154 66
93 36 163
91 151 530
33 101 844
107 27 559
123 63 871
81 110 686
124 105 427
92 39 997
110 99 753
5 39 198
166 54 993
131 0 276
17 62 710
147 118 817
35 26 446
116 34 913
74 39 756
136 81 976
96 73 99
102 88 276
164 110 583
40 25 847
87 157 960
66 64 893
36 151 311
35 168 537
64 159 634
133 1 340
35 47 271
85 166 508
19 55 855
78 165 878
89 95 605
0 136 611
164 69 84
121 33 315
115 28 913
41 165 439
158 168 62
111 167 588
8 57 64
162 73 132
73 90 331
44 162 212
13 147 60
111 73 958
88 158 668
116 90 377
23 128 656
147 45 194
16 11 33
75 6 464
161 169 687
72 106 268
89 141 94
171 144 764
124 16 191
12 62 588
33 162 399
21 5 93
112 0 821
146 168 98
36 154 908
165 151 15
2 44 991
148 101 424
69 169 543
14 141 628
14 25 811
82 52 113
105 42 379
168 99 635
79 69 245
88 19 692
154 86 35
86 39 494
152 138 941
170 32 421
112 40 35
70 25 227
18 135 928
139 14 287
70 150 820
154 44 342
23 70 984
46 39 123
98 62 164
90 27 190
31 43 231
84 29 376
105 124 615
163 171 192
34 80 354
84 16 134
39 164 876
85 11 11
95 1 796
144 142 955
128 52 824
58 109 46
90 59 844
27 39 991
86 112 163
86 110 630
104 168 240
113 24 820
165 143 282
118 92 666
73 77 938
90 30 237
116 117 855
0 50 733
59 163 885
97 125 167
3 16 25
52 142 300
103 170 216
75 86 855
56 46 799
47 17 118
161 31 481
127 163 254
107 92 690
135 22 442
45 107 260
148 107 666
155 57 709
79 38 886
43 31 467
145 59 133
10 5 183
136 154 902
75 51 816
61 127 780
110 126 291
160 41 672
1 68 391
18 47 677
88 69 983
53 71 807
69 48 153
23 156 983
66 64 892
69 27 383
47 114 633
99 77 926
35 151 67
160 56 813
130 86 116
17 109 528
73 98 418
61 23 60
47 61 379
86 140 506
48 113 939
45 117 560
17 23 858
2 63 884
156 169 384
68 10 926
14 148 176
46 159 841
65 18 531
170 150 826
140 69 10
9 51 805
160 170 335
120 32 897
92 40 970
8 66 350
7 88 393
44 71 464
50 129 959
95 83 602
167 22 900
107 141 487
28 60 8
31 26 915
169 81 272
58 90 345
122 43 35
90 127 87
115 95 602
13 65 48
139 83 828
55 5 769
143 137 829
71 8 89
158 81 837
12 152 505
151 104 973
31 88 938
114 67 846
162 123 816
4 63 524
10 81 687
74 40 740
139 130 896
128 95 666
155 158 7
167 84 651
138 157 927
115 57 940
68 129 169
65 1 54
21 35 651
96 71 592
65 5 488
55 153 621
127 16 22
169 135 794
153 23 357
162 62 648
158 104 345
82 91 796
113 51 880
97 162 67
72 128 530
53 82 631
160 29 263
162 74 27
18 31 123
11 71 394
128 121 823
105 159 904
11 85 738
33 121 282
24 57 518
73 165 914
21 47 909
100 39 683
137 8 705
89 60 929
1 83 13
62 122 946
157 50 859
19 109 331
102 25 659
121 130 34
104 169 75
20 58 348
122 110 559
22 66 212
137 146 136
169 152 366
128 99 712
31 50 126
45 32 396
7 161 128
81 54 793
36 101 104
153 93 383
79 109 513
142 37 618
80 38 824
97 6 660
130 63 413
108 57 751
38 88 62
68 51 70
143 155 72
47 65 101
21 12 95
40 82 239
144 127 597
5 20 613
57 123 119
74 156 899
68 88 265
137 30 112
2 128 101
81 76 51
67 138 951
56 41 154
49 79 264
132 21 960
21 114 219
89 82 667
26 36 117
80 154 636
143 171 781
100 72 900
74 122 517
6 41 732
126 130 914
102 109 347
83 73 921
125 107 479
85 136 471
56 98 703
5 162 473
113 20 569
168 146 876
41 27 975
124 46 766
52 9 104
129 31 994
96 167 347
61 2 207
53 73 720
119 126 407
86 144 578
170 107 529
44 153 78
46 136 836
86 16 849
62 64 527
51 58 728
27 79 570
108 165 287
109 129 219
61 39 53
121 65 53
152 166 109
22 78 922
60 159 785
34 72 921
73 127 378
137 54 976
106 151 817
32 135 204
47 127 119
117 3 785
101 71 671
105 136 533
30 87 294
120 71 280
34 129 569
134 131 311
83 120 738
37 115 907
22 90 344
149 54 326
91 1 434
32 156 290
149 158 723
166 80 150
86 165 828
45 126 325
12 81 861
152 85 399
145 121 389
55 70 189
42 23 583
137 35 141
68 7 515
157 62 404
114 105 372
147 22 55
130 65 357
55 94 694
2 10 222
56 94 18
58 1 45
105 85 300
68 25 182
130 113 579
20 32 891
34 29 590
134 26 231
147 72 521
12 160 252
52 1 448
29 73 713
52 100 587
40 68 477
130 37 121
99 41 206
56 105 309
87 126 53
158 117 412
64 29 378
45 53 851
150 46 161
101 120 811
39 152 43
104 130 824
46 75 845
156 102 722
137 21 810
163 77 431
93 119 512
4 117 240
38 76 209
103 97 3
95 140 357
14 21 758
99 44 941
78 89 297
158 125 656
149 161 692
44 129 893
61 135 421
152 121 490
95 15 717
170 150 867
26 57 200
24 77 354
155 55 645
166 84 121
22 54 947
164 44 916
12 68 332
122 162 449
40 90 575
60 30 740
123 15 541
133 119 573
70 66 487
152 161 654
128 102 762
53 134 672
110 98 305
153 168 407
115 116 591
42 98 884
132 89 538
131 86 271
116 107 49
84 21 317
138 63 166
78 105 408
73 37 41
143 35 222
37 102 657
103 8 790
146 56 16
82 170 336
43 74 514
36 154 290
96 147 729
61 163 914
122 50 335
16 52 309
50 78 83
129 85 23
107 41 621
123 51 43
30 82 780
82 2 937
47 20 852
80 99 942
150 18 6
104 34 607
16 132 780
43 155 156
100 103 377
127 94 653
118 32 403
71 147 684
72 159 340
5 69 729
31 82 995
167 105 222
162 10 466
138 31 847
143 28 146
148 158 681
120 20 902
32 91 529
59 98 227
122 165 509
149 64 491
73 17 716
144 127 752
130 144 894
128 64 140
16 66 987
24 138 36
3 119 310
63 136 205
105 119 193
18 160 650
55 115 239
57 124 922
90 126 912
50 104 963
138 148 934
157 92 687
88 87 922
58 81 622
36 34 237
155 100 21
4 64 798
18 2 818
93 70 335
87 122 496
21 141 702
58 96 57
92 162 81
90 29 123
149 27 845
84 17 696
1 167 807
38 26 47
163 92 671
67 57 312
106 128 839
170 165 149
154 57 296
70 43 28
28 72 701
55 158 988
97 115 601
155 64 209
42 25 471
165 93 653
82 57 743
126 168 586
32 50 755
101 89 110
25 153 526
94 135 548
13 5 746
12 65 937
152 21 702
52 23 372
44 82 606
151 148 669
7 143 889
152 6 49
138 68 947
60 4 28
88 30 902
92 39 686
39 69 527
31 7 358
98 100 226
61 126 384
34 93 383
148 99 349
2 3 775
71 59 6
34 49 906
105 168 884
167 114 238
169 110 958
118 70 674
106 75 185
100 167 537
63 155 253
9 118 701
32 66 232
48 155 58
120 82 937
159 169 412
106 53 324
134 50 888
18 108 252
139 83 726
154 34 773
118 71 499
124 51 857
3 90 284
143 67 373
160 171 101
58 134 757
3 100 803
109 157 843
144 77 840
164 78 236
166 12 671
90 139 294
71 39 448
5 37 655
9 29 622
39 99 482
130 165 117
93 58 862
152 83 254
105 156 273
101 34 317
0 17 199
167 117 297
48 152 360
137 138 778
39 161 946
41 78 804
84 89 473
109 148 856
99 67 64
170 112 832
11 26 179
49 98 985
0 111 507
166 50 651
67 128 917
128 87 68
62 151 311
153 50 957
100 39 210
107 169 295
18 35 6
59 133 994
142 153 173
118 128 933
166 161 967
21 119 996
17 112 490
127 117 685
123 4 71
62 110 958
1 17 480
28 50 890
129 154 809
35 27 333
73 28 196
158 59 155
142 29 933
143 107 789
132 59 585
52 19 708
136 60 447
64 40 538
70 82 505
137 164 199
62 128 991
13 42 376
37 40 300
169 46 633
68 50 613
114 119 669
121 129 603
12 137 965
53 141 569
69 9 542
170 88 927
15 4 340
21 19 483
141 165 9
97 156 222
21 31 905
102 24 31
154 25 658
133 65 694
139 6 652
100 99 82
109 52 725
155 8 775
15 169 944
146 114 40
109 39 119
151 48 508
33 84 918
113 87 80
133 154 21
158 12 427
130 143 214
17 40 998
92 167 483
132 41 583
128 123 485
141 18 445
45 23 943
39 81 799
149 6 36
72 73 878
36 0 863
15 132 271
144 85 521
130 68 100
98 61 952
55 21 904
171 165 519
19 37 420
7 50 268
146 66 646
13 110 792
3 92 365
96 68 255
113 109 744
117 139 697
145 52 238
134 7 174
156 61 904
42 171 510
35 167 841
88 132 626
128 106 615
114 108 662
27 7 889
60 87 240
153 75 338
79 57 972
41 48 463
116 47 405
35 16 158
166 25 832
12 162 79
85 112 771
142 105 177
88 66 660
64 130 672
105 58 14
41 165 844
99 159 933
118 132 747
27 145 802
13 150 303
168 56 691
43 150 732
62 102 792
41 110 681
104 35 397
127 133 395
77 56 7
148 58 60
59 154 668
16 80 405
15 17 93
100 18 211
15 98 259
109 141 675
132 98 953
37 109 433
154 127 283
153 114 19
75 167 341
144 78 190
93 124 953
142 49 741
6 151 571
90 97 600
43 69 485
3 75 751
137 15 942
153 166 208
40 62 686
171 110 302
47 51 185
15 142 240
125 81 756
61 95 886
134 5 115
152 128 275
21 131 150
112 81 895
83 140 702
31 83 44
89 135 209
134 63 436
37 2 793
42 41 883
64 103 955
106 22 803
113 89 139
150 21 204
130 164 528
50 18 16
36 133 137
99 40 413
113 31 882
25 169 515
93 108 783
32 57 564
123 83 480
156 75 153
140 157 594
57 137 12
116 170 80
69 24 269
93 45 632
54 109 97
15 154 959
127 135 759
151 92 815
99 134 506
147 45 701
93 67 313
78 0 116
100 25 869
131 84 982
35 117 981
74 17 33
28 107 937
115 145 974
49 46 70
143 64 523
138 73 754
164 105 791
124 27 425
79 86 875
115 61 945
87 119 120
49 67 222
36 169 820
64 7 522
76 165 310
148 85 58
4 168 278
166 156 51
71 31 198
163 107 203
52 162 1
78 53 149
128 6 658
96 121 150
3 154 168
24 113 703
4 60 52
86 19 72
128 53 529
14 151 905
100 27 711
22 166 170
65 149 188
131 50 356
103 32 964
110 102 546
66 122 340
84 13 314
114 20 119
150 89 443
138 159 610
151 68 526
101 9 326
163 80 466
45 18 284
145 81 595
103 49 698
170 53 654
119 18 654
59 12 45
139 145 423
28 43 778
49 79 999
122 151 713
118 121 91
161 74 940
157 137 838
110 55 741
132 92 575
158 9 48
160 132 68
36 149 900
80 103 84
163 87 432
8 36 847
143 134 788
133 116 988
99 85 164
31 115 520
21 87 385
137 60 968
94 154 405
133 33 228
2 32 284
33 17 998
89 5 985
89 94 859
5 38 706
37 152 646
169 148 957
148 155 488
5 120 687
10 120 486
79 137 623
85 45 577
64 96 662
86 21 770
42 170 462
96 105 838
119 51 494
59 81 523
34 135 527
148 90 959
132 161 812
71 136 491
113 141 1
41 125 435
147 13 528
131 68 113
69 46 635
120 61 274
142 73 197
48 146 249
1 15 281
140 7 112
169 71 133
81 22 620
133 155 302
118 120 599
32 62 557
117 20 461
126 136 939
107 105 311
94 93 715
153 151 849
156 124 357
65 148 757
15 119 954
25 147 936
138 61 719
30 73 961
108 57 415
30 108 957
148 40 149
33 145 257
82 6 874
5 51 168
94 171 507
84 34 436
55 32 594
61 47 668
38 102 974
94 72 35
93 78 45
35 15 92
87 1 194
111 158 851
65 83 270
66 77 554
159 151 16
96 17 905
56 0 469
70 45 581
45 0 906
169 73 110
8 92 342
102 18 390
169 103 639
58 129 927
96 60 97
160 21 702
53 159 597
29 60 390
163 14 921
87 62 883
141 80 826
96 38 816
108 98 917
138 68 781
57 69 517
148 83 358
104 82 412
23 44 657
116 102 459
152 2 800
26 153 111
72 111 439
144 113 931
140 79 48
82 118 782
76 88 114
25 46 110
74 52 986
147 78 739
36 87 724
125 24 391
143 75 809
158 153 711
132 146 59
116 11 433
58 42 603
47 64 960
135 96 830
148 32 128
97 58 610
40 167 375
0 132 111
45 9 568
74 114 7
159 28 564
14 142 155
153 169 721
86 89 916
44 140 613
105 37 532
135 130 595
162 130 166
14 81 358
16 19 5
86 72 936
110 88 662
131 169 89
112 159 653
53 104 401
75 74 641
92 122 274
31 148 981
109 145 641
103 98 330
101 28 949
133 132 724
14 137 916
63 140 66
35 137 274
105 85 956
138 19 942
25 78 958
4 99 40
92 35 344
147 107 25
73 68 712
161 8 589
93 24 388
16 64 104
150 25 838
4 83 805
97 32 178
129 30 582
0 0
