6
5 -6 -9
-10 7 4
0 2 -5
-1 1 1
1 4 3
-6 1 -3
-4 -7 -7
7 2 2
6
1 -9 6
-10 3 -8
-4 -5 -4
5 -2 -4
4 0 -3
-6 -3 -5
-4 -1 1
-5 -1 -6
5
-5 -5 -5
4 8 9
8 -4 -2
-3 4 4
-4 4 4
-7 3 -1
-8 -7 6
5
-282 -960 -700
898 735 992
848 60 967
981 -800 -165
-651 419 178
670 723 -847
-498 549 -627
3
10 10 10
0 0 0
-3 3 3
7 7 7
4 4 4
3
0 0 0
10 10 10
3 3 3
7 7 7
4 4 4
6
0 0 0
100 100 100
3 53 3
7 6 73
43 5 6
0 0 0
-3 3 3
7 7 7
6
0 0 0
-100 -100 -100
-3 -53 -3
7 6 73
43 5 6
0 0 0
-3 3 3
7 7 7
5
0 0 0
-100 -100 -100
7 6 73
43 5 6
0 0 0
-3 3 3
7 7 7
3
0 0 0
0 0 0
-3 3 3
7 7 7
4 4 4
3
0 0 0
10 10 10
3 3 3
3 3 3
7 7 7
0
