1
200
00:00 125 146 4 80
00:00 15 150 24 131
00:00 107 108 190 136
00:00 137 66 20 140
00:00 169 4 161 47
00:00 60 183 185 116
00:00 36 23 57 151
00:00 124 59 152 154
00:00 71 89 112 151
00:01 153 57 62 141
00:02 191 27 85 118
00:02 188 83 37 150
00:02 41 52 139 173
00:02 36 31 125 165
00:03 144 42 8 27
00:03 180 174 56 190
00:03 111 22 100 134
00:04 45 25 192 22
00:04 41 194 157 16
00:04 163 188 198 161
00:04 63 42 43 159
01:04 50 29 6 85
01:04 116 155 106 148
01:04 8 113 197 100
01:05 149 61 160 141
01:05 111 153 143 34
01:05 49 180 84 4
01:05 59 158 95 31
01:05 107 59 67 66
01:05 50 129 2 34
01:06 175 59 85 106
01:06 142 88 153 153
01:06 17 145 76 35
01:06 82 18 30 64
01:06 25 90 44 110
01:06 176 60 90 152
02:06 53 32 111 63
02:07 96 32 111 171
02:07 105 80 42 91
02:07 28 146 122 120
02:07 158 30 6 172
02:07 23 167 80 91
02:07 13 138 164 175
02:08 129 13 152 87
02:08 143 196 97 37
02:08 86 69 185 117
03:08 74 115 8 54
03:09 92 45 31 48
03:09 72 116 130 37
03:09 193 90 76 178
03:09 19 156 40 136
03:09 109 116 74 181
03:10 190 61 24 179
03:10 76 70 83 42
03:10 103 154 13 45
03:10 163 185 116 48
03:10 23 16 108 130
03:10 118 42 71 44
03:10 189 7 53 37
03:11 115 166 196 158
04:11 101 31 118 26
04:11 82 128 67 127
04:11 25 4 58 130
04:11 154 155 193 92
04:11 58 22 124 24
04:11 30 65 36 6
04:11 198 137 171 90
04:12 117 24 187 116
04:12 170 154 23 9
04:12 141 117 174 7
04:12 34 192 93 176
04:12 154 36 118 47
04:12 175 7 110 8
04:12 96 136 198 64
05:12 99 29 161 191
05:12 28 141 178 172
05:13 28 105 123 12
05:13 197 191 159 194
05:13 79 75 60 59
05:13 196 73 38 4
05:13 137 9 42 42
05:14 40 120 79 39
05:14 112 174 52 49
06:14 128 117 58 109
06:14 52 105 139 128
06:14 171 21 109 106
06:14 96 95 126 97
06:15 171 55 176 162
06:15 73 77 128 13
06:15 173 158 119 26
06:15 8 188 75 116
06:16 193 175 98 130
06:16 140 8 55 13
06:16 63 145 77 195
06:16 140 54 162 79
06:16 117 194 47 69
06:16 55 55 25 122
07:16 64 30 31 112
07:16 98 20 89 84
07:16 56 41 39 134
07:17 18 19 52 151
07:17 137 98 171 40
07:17 190 177 48 86
07:19 73 34 145 56
07:19 46 19 160 47
07:19 190 140 181 36
07:19 129 22 43 8
07:19 139 92 58 125
07:20 174 91 112 52
07:20 101 131 140 78
07:20 10 43 31 161
08:20 116 90 168 55
08:20 21 14 81 116
08:20 86 61 49 176
08:21 160 126 91 41
08:21 96 98 193 76
08:22 31 25 66 91
08:22 137 63 10 105
08:22 178 120 179 71
08:22 11 26 65 31
08:22 176 149 52 75
08:22 80 182 91 181
08:23 43 54 146 35
08:23 29 63 79 164
09:23 53 142 168 134
09:23 83 185 38 34
09:23 115 172 96 10
09:23 102 135 62 129
09:24 44 166 115 21
09:24 0 64 40 70
09:24 27 58 144 134
09:25 9 148 20 197
09:25 148 128 87 182
09:25 49 199 19 58
09:26 142 177 126 35
09:26 57 55 179 106
09:26 20 27 182 73
10:26 176 66 55 42
10:27 20 43 41 83
10:27 179 133 136 92
10:27 119 105 58 175
10:27 173 31 65 114
10:27 111 158 2 129
10:27 94 184 54 101
11:27 143 98 31 160
11:27 32 74 148 32
11:27 16 46 25 141
11:27 143 106 128 119
11:28 58 134 122 142
11:28 105 91 30 83
11:28 8 186 1 38
11:28 56 52 125 37
11:29 71 127 13 78
11:29 93 82 27 20
11:29 98 90 137 2
11:30 72 78 144 107
11:30 64 89 153 171
11:30 154 35 130 161
11:30 45 6 98 114
11:30 32 164 52 135
12:31 112 146 170 31
12:31 153 147 180 96
12:31 152 29 196 62
12:32 191 149 109 65
12:32 185 179 34 26
12:32 64 89 28 132
12:33 185 5 78 161
12:33 81 132 8 51
12:33 94 88 144 49
12:33 79 135 134 194
12:33 28 192 178 28
12:34 54 149 51 185
12:34 43 4 69 97
12:34 85 88 138 63
12:34 63 36 108 29
12:35 6 47 106 147
12:35 67 118 118 132
12:35 152 1 161 143
12:35 95 155 172 92
13:36 34 192 177 168
13:36 165 37 53 114
13:36 122 144 38 29
13:36 3 108 140 91
13:36 52 193 117 197
13:36 151 90 135 131
13:36 187 61 18 111
14:36 81 156 75 45
14:36 149 130 94 163
14:37 130 194 79 85
14:37 164 22 184 81
14:37 20 123 8 98
14:37 155 197 29 169
14:38 109 199 34 169
14:38 36 87 93 132
14:38 8 99 176 143
14:38 157 149 35 189
14:38 112 184 73 78
14:38 34 140 178 144
14:39 98 110 52 188
15:39 116 138 177 78
